129021328 201416288 13184479 10127688 125816887 12745232 67961355 21861454 46909265 10041554 86101458 148748435 8769601 60243568 80467023 58554264 8323503 14928827 3942631 2452972 32608266 16730249 1995183 4017642 10565276 50050627 3651271 4890856 27767680 68631813 49586604 29611131 18916988 44638705 15409887 36182597 42541170 12543763 20522068 41776538 8666279 22998340 318750 10994249 29460219 2168612 22831961 77139524 79945968 52535179 1213363 6737576 15999458 118157983 46926373 80123879 120254902 51674399 18685279 7672044 11719547 7797158 72958476 639744 18917145 164449593 15569611 40073835 13563902 14029173 4435764 31677577 70466552 126706830 14849967 34966892 112853756 42427752 24773281 1891760 73136182 76551291 1530477 39179094 114831897 6810476 188507706 21529180 1415293 31631278 84496925 41296607 24835556 4252951 19975656 47119503 525304 22716938 66156252 1335972 73534345 1612961 2554182 10001192 39898988 67413789 5969938 22002212 17106983 94674512 51139141 808716 31595490 47681866 154265284 56648193 27163352 10140183 33168778 49883072 44472301 32543376 37292664 15494163 333147 924313 53309237 7810179
6036591 68157095 1494278 31312792 62307309 12745232 41144296 41336724 42014630 5011980 78593806 24706357 978533 60243568 97401798 14191890 8323503 14928827 495536 2452972 152835860 112664305 37173556 129040121 13616423 62661659 3651271 42856167 15748529 48551330 49586604 98669305 13477378 44638705 33823355 57773461 9256830 12543763 91444066 21510207 73606320 949181 5235585 10994249 10370632 39625349 22831961 97607898 168456209 12631220 50762164 10479783 1704005 5379594 44817381 5881872 117969175 65187339 137862908 41433592 11719547 7797158 18481698 639744 50002926 36720293 105564377 40073835 1159000 14029173 4414242 1127723 27024264 81564819 29208139 25083098 57118894 15541717 36442441 11520143 22273856 23780590 1530477 72768362 48223320 95095272 89442017 59916353 73523564 31631278 10505059 41296607 16873721 26403717 26032187 35740991 525304 11941208 93765590 23843410 61108067 53533371 3734865 63415904 5996934 34176990 70763181 31913017 39989206 51287793 30586562 14354011 11581792 19239628 109648018 26560855 27163352 10140183 33168778 49883072 116331093 33183095 83500532 15494163 333147 47577510 85682386 7195138
6036591 71266390 1494278 37359178 1868056 7270023 41110479 761833 37912860 31113996 96537563 141460648 978533 46633980 7297121 40743048 22825236 21040367 495536 2452972 32608266 62445198 37173556 129040121 10565276 62661659 3651271 42856167 119619918 1077159 112888094 68146466 48336600 89653390 33823355 15454990 42541170 12642616 19277332 41776538 4770683 18663644 43168118 10994249 58488048 39625349 10155181 94669343 4125588 12631220 50762164 23627116 1704005 39577930 72918379 56647704 33015699 65187339 16845068 7727822 11719547 7797158 18481698 18422277 28953580 177434668 15569611 165533431 1159000 14029173 9647442 1127723 44573994 27071476 13435335 11569238 54557916 15541717 46942287 11520143 21807368 97650771 1530477 17392088 20812316 26293371 45893232 59916353 47283090 31631278 10505059 4630572 52130229 20743087 26032187 35409055 525304 11941208 66156252 23843410 53684055 64539980 3734865 130134595 5996934 34176990 102388412 31913017 17106983 51287793 22712100 14354011 100634087 122082491 280290576 26560855 17260024 24270063 29354803 17481623 72911432 32543376 64592319 15494163 333147 47577510 85682386 7195138
25307057 97213123 59185686 2969361 120149671 12745232 67703788 172982550 60578536 20468678 123417832 154665236 30437969 197519291 74223337 96940281 109213966 108847614 495536 2452972 31642479 62445198 158273669 27573323 10565276 103678950 7731474 5669546 27767680 22187651 32646360 502601639 52212895 251306921 133028663 74375532 4473259 119300057 133669517 241472570 88399414 23962038 73746094 10994249 10370632 95040542 35594242 25938078 15567212 12631220 49794506 25240986 31534853 19251391 173093971 242871953 112873870 65187339 20543469 1909403 112383469 123648894 4679781 8734879 361543063 10394921 33048166 40073835 16285441 47859585 298566367 18317134 44573994 25262203 99847031 30146967 376642338 57001644 46942287 19042281 15226032 23780590 25516693 46468038 224825434 27963670 338378017 169561454 73523564 189969156 10505059 41296607 31374477 26403717 115478676 47119503 525304 189856035 64089726 25002800 61108067 53533371 75455789 353501238 50679498 71705591 100207325 172302319 37304169 68070395 104198566 41080232 98408420 121592555 243384548 76737206 66959544 25994410 9701078 124730555 44584326 360381267 261294320 42116383 41866856 73991092 164589698 14140776
25307057 330576719 36687729 81152968 317239241 50979881 32276245 21861454 120455115 668779257 123417832 85315239 43283248 10342447 35463968 22763852 75089031 14910047 22218893 117433863 248253159 112664305 116940330 274448739 69771194 16980096 3651271 27990651 110144774 15229563 131192657 38816307 100398569 251306921 33823355 252873073 333856607 208574459 20522068 41776538 66226645 22998340 37458697 10994249 46370989 13080075 35594242 58000440 138922369 49017302 525758905 6737576 31534853 66103997 37421370 242871953 129475663 13750146 233261808 25135066 127338624 308957934 79527872 639744 306479544 207369305 74855586 12380702 34358052 9372255 88368610 89132789 206223353 266554708 74768632 61560173 268092370 57001644 46942287 144787801 125057232 16445276 104625630 23763079 350546140 535738649 36915311 46166556 427540867 189969156 10505059 16831420 6028156 108914091 25447391 89043274 525304 11445863 125674266 32585371 105151504 132820310 30068325 46479581 63355576 115105956 16413689 8287214 123965859 77559387 86030890 170444575 195488995 122082491 31710716 23890089 76474386 10140183 33168778 101264717 72891166 87969828 29033250 204632203 15429916 336829294 55034387 238286039
19584697 29225776 13184479 31312792 25977614 12745232 67961355 25101055 46909265 10041554 5386105 183514730 8769601 37849631 7297121 42864691 22825236 3182830 16727845 43484263 21689838 13799298 37173556 4017642 10565276 19049009 3651271 215277784 23909840 39385331 12394787 30547793 34397746 58495579 33823355 11660656 31207880 12642616 13109845 1338312 8666279 18685125 38836354 10994249 58488048 25594832 15270113 26096331 12551448 52535179 20313921 23627116 1704005 12990612 10808626 49634394 33015699 5566806 16845068 6171101 11719547 7797158 27319541 639744 66464428 86984653 12671820 78763322 17630691 7336867 4414242 1127723 36154203 9990529 9926118 36693107 56218959 57001644 46942287 19042281 7496460 16445276 1530477 3817576 5652825 11598349 5401967 46166556 38042837 25810441 10505059 4105657 24835556 17207181 26032187 26516015 525304 51246099 5141649 68366365 73534345 34987161 47481765 3136695 5996934 31160684 64094138 22002212 60671235 30112120 36992618 7194078 27246177 47681866 42485265 48590568 27163352 28639394 95904756 34585296 84209496 33183095 83500532 15494163 333147 924313 76318501 7810179
25307057 68157095 13184479 10127688 1868056 12745232 41110479 21861454 56920750 29667783 16334147 28779520 978533 60243568 103564299 40743048 8323503 14928827 19255214 2452972 58278269 62445198 52348915 7876632 442167 40984347 3651271 55945292 15369433 2115897 34640093 41013572 9555136 44638705 4134210 34017385 23836715 12543763 2039215 21510207 88399414 949181 24074876 10994249 14182174 25950560 15681294 94669343 17057576 7563117 1213363 2763495 31534853 6160971 23812288 68462468 50275560 26520094 107393424 7727822 11719547 7797158 57295704 639744 7198878 6426421 27632901 1726340 26566166 14029173 4458422 1689832 39710019 44666007 3630710 27613905 57118894 10001869 36442441 19042281 56779516 17715920 1530477 20506539 29075931 6810476 75167144 99608989 53130299 31631278 10505059 15349394 12746201 26403717 26032187 35740991 525304 43637846 24462070 19867026 31757549 21823458 3734865 66815187 44750856 67413789 12025196 64239091 39989206 45996548 8263329 14354011 2607330 19239628 109648018 26560855 58694447 10140183 33168778 26070201 3624144 33183095 37292664 15494163 333147 924313 5651990 17297813
27389917 2951165 13184479 10127688 1868056 4729107 4574109 21861454 42014630 15916153 5386105 21263790 978533 4142924 7297121 40743048 8323503 21040367 22218893 2452972 6257634 39884000 9023963 2215595 2410503 8060425 3651271 13210587 6368490 31083485 34640093 30547793 18916988 28511335 4134210 37885013 1845578 351045 20522068 21510207 5403292 22998340 16417513 10994249 10370632 25950560 11256150 36213026 15951623 7563117 1213363 6737576 1704005 12990612 22373149 56647704 33015699 24579468 26889552 7727822 18321993 23506131 18481698 639744 28953580 6426421 15569611 1726340 7769946 14029173 47254365 1127723 47472666 18739391 3630710 27613905 23512380 10001869 23683780 1891760 22445902 7955861 1530477 33473353 17697371 6810476 37451970 94411635 40476885 21447980 10505059 7417534 12746201 26403717 24965685 39468548 525304 43637846 26614755 1307595 15670968 10352359 3734865 41082837 5996934 50750034 12025196 25348046 17106983 37620500 11366464 14354011 7363296 9458629 119117756 13851314 294428 10140183 11257760 7024962 19254394 33183095 26543951 46098145 333147 10900890 22815214 7195138
25307057 49308599 13184479 4639359 1868056 12745232 72438656 2118319 4625899 42287965 25791193 21263790 79197516 2507509 16314921 68939514 19702301 51467774 4609863 2452972 31642479 98012539 26202121 11720078 29610799 70479450 3651271 6784298 43547901 46729682 13054289 79721145 6919521 44638705 15409887 26302500 42541170 32148524 345160 3204404 2115451 22998340 37458697 10994249 10370632 25950560 22831961 100859830 17715319 4660124 50762164 6737576 31534853 7921819 77475343 34501100 53943672 65187339 68542848 123663484 30700059 7797158 8633770 639744 54499212 47689911 31494869 1726340 1159000 14029173 15568912 6219360 29734872 59946370 26904888 46101497 96470302 41189854 46942287 19042281 7496460 23780590 1530477 17392088 17831195 27514455 65899573 106145519 46226020 10947694 10505059 16623452 25958693 26403717 9887235 26516015 525304 77976283 75942916 142664559 26128484 53533371 30068325 207425834 63355576 9019839 175907874 18805932 45291312 37620500 86030890 14354011 45194725 19738654 66166693 10651469 55582001 11909961 29354803 40263179 68779287 16419135 37292664 48812496 333147 49728064 33914304 7195138
25307057 22236352 13184479 6660046 1868056 7270023 45855789 21861454 39442722 42287965 35799597 82672549 30437969 18333186 7297121 90120262 3981988 21040367 22218893 30288884 31642479 62445198 20231177 12700179 442167 70479450 3651271 38230921 4503001 91804719 5804463 95653718 34397746 44638705 33823355 34661865 42541170 12642616 2648421 1548359 20105540 22998340 37458697 10994249 8887445 54035599 5742133 95616606 111117219 4660124 49794506 6737576 15999458 12292136 46827927 159768576 33015699 24579468 37450946 1108540 28604871 34021208 14563262 639744 28953580 10394921 15569611 10292867 1159000 7336867 15568912 6219360 27024264 7185378 89138068 61560173 179379214 57001644 13914220 19042281 62638233 11854821 1530477 46468038 17831195 12213438 52064896 113718613 44004534 31631278 10505059 4630572 14326384 26403717 131848258 41046619 525304 97068916 92633378 37130642 62690969 1612961 30068325 60806267 44750856 30748811 12025196 21896849 5054040 80274373 12810977 14354011 43491686 122082491 26057859 26560855 27163352 47559483 9701078 17481623 68779287 16419135 26543951 47091847 333147 147039612 41760103 16613585
25307057 231972810 13184479 6660046 1868056 12745232 53480547 2118319 36563039 42287965 16334147 9989749 35931173 22542142 118798111 134433718 69284562 57431997 23176980 30288884 234756740 91237114 44717486 25917929 29610799 49052086 3651271 38230921 60327348 91804719 73340517 57635847 54332702 73375370 33823355 51044122 42541170 12642616 345160 41776538 88399414 22998340 318750 10994249 10370632 75581241 5742133 100859830 90985235 4660124 79604968 59557378 23157198 80927686 77475343 56647704 35817613 24579468 40937167 1108540 10487552 34021208 18481698 639744 36344307 75703294 36345193 1726340 7769946 14029173 40824056 6219360 54058469 137005738 31759324 61560173 23512380 57001644 46942287 19042281 53671272 21476360 1530477 21803868 17831195 26293371 51718350 104083857 12392785 11417358 10505059 41296607 52130229 26403717 94133935 39468548 525304 79197703 29609684 37130642 53668768 53533371 28285752 130134595 63355576 125903887 152276919 25348046 105847073 68070395 87345587 14354011 148407520 63077518 128478874 92713001 27163352 8403193 153473892 71015624 15048002 134513791 26543951 6750385 333147 96088291 22815214 7195138
25307057 60846274 25981485 10127688 61307765 12745232 223352304 25101055 66191506 42287965 29120650 126032110 6247353 30429834 9279470 40743048 33948655 223145366 495536 2452972 50053353 77665613 52348915 11720078 44129809 24403809 3651271 42856167 6368490 91804719 49586604 53809538 34397746 44638705 4134210 285341289 87890603 12642616 30512450 151692128 38201367 39682450 108241044 10994249 101820067 178828420 122368327 36213026 12551448 12631220 50762164 69986434 15999458 163957378 130584906 56647704 175665615 65187339 37450946 15311041 28604871 37026474 18481698 639744 28953580 6426421 15569611 1726340 34358052 14029173 55017059 61803817 44573994 92798575 9926118 36693107 112853756 10001869 24773281 19042281 22445902 7955861 1530477 21803868 17831195 26293371 192456386 113718613 73523564 10947694 10505059 41296607 19123433 26403717 163026082 246118798 525304 43637846 29609684 23727972 26128484 10352359 75248458 3136695 17641002 229064483 64405659 64239091 17106983 113149268 59080319 14354011 148407520 122082491 319949545 10651469 27163352 11909961 172833034 7024962 15048002 124633602 83230881 112841428 41866856 73991092 128134414 7195138
11620388 101690221 13184479 10127688 1868056 5227896 17968304 37427668 42014630 5011980 25791193 21263790 978533 30429834 9253508 14137725 8323503 21040367 30881930 2937948 21689838 514128 45419299 4017642 10565276 61453395 3651271 37121930 15619 2115897 39673243 21450925 12752528 44638705 33823355 22118339 42541170 12642616 37207174 21510207 4770683 18663644 43168118 10994249 10370632 160475049 23640 38117314 39446 17685996 49794506 2763495 2979882 566964 23812288 56647704 25681827 5566806 5013692 6171101 11719547 7797158 7172175 639744 66464428 23289999 12671820 1214311 34358052 7336867 9647442 3557009 18629517 22114511 48772842 9546442 13862978 35719603 46942287 19042281 35176429 7955861 1530477 30436279 114831897 24375973 45893232 104083857 73523564 1398102 10505059 41296607 4453606 26403717 26032187 47119503 525304 35647095 1168472 657041 61108067 53533371 3734865 105689033 50679498 66709925 3554726 21896849 39989206 60400184 87345587 6825827 21140199 56638720 42485265 5189076 64774 10140183 33168778 15022866 4307847 27802395 83500532 11946685 333147 5198623 76318501 3581849
25307057 231972810 13184479 81152968 313265589 128697969 192841111 134576869 56920750 5011980 86101458 157837468 79197516 60243568 185660087 47785271 695209931 59166662 75816273 117433863 642921290 112664305 531456558 225330139 415602422 412141638 3651271 74111278 349391704 91804719 131192657 247219163 54332702 251306921 33823355 152890086 159435987 215715107 163337277 41776538 88399414 22998340 261630412 10994249 58488048 605995715 85853728 100859830 179190894 17685996 50762164 69986434 31534853 28704027 81751156 118868204 175665615 522869699 68542848 106175526 30700059 210729140 79527872 18422277 209673289 231272068 240667845 220409905 23774012 14029173 55017059 61803817 41954774 220796323 153311199 95751201 256406366 41189854 46942287 29726654 413752715 120145852 1530477 399435419 207546653 34164510 124627067 122026186 382822841 31631278 10505059 47909979 4453606 394767855 372621040 162334151 525304 274445409 93765590 657041 106018825 132820310 91104249 374736642 50679498 203802971 398666206 128093042 123965859 692172884 139649599 14354011 11581792 48472190 177961503 5189076 94463763 328443341 796913572 39845873 116331093 124633602 398685298 122273174 333147 45821498 128134414 264537859
25307057 109331361 13184479 10127688 1868056 12745232 17968304 134576869 56920750 31113996 25791193 21263790 978533 31530469 97401798 39867633 8323503 21040367 3942631 2452972 58278269 103779680 52348915 22676280 9685356 55199903 3651271 95751038 34580039 20656453 49586604 53381801 18916988 44638705 15409887 32556167 41351191 119300057 47801243 21510207 120135797 22998340 16037435 10994249 10370632 25950560 10155181 57320899 142746245 95211786 1213363 23627116 31534853 12990612 77475343 56647704 35817613 44862946 18670875 6171101 11719547 22378755 18481698 8734879 32628779 23289999 65616693 1726340 34358052 14029173 89636330 51602334 27024264 1137316 29208139 11569238 98843825 57001644 46942287 19042281 5773856 11854821 1530477 73190998 134363995 6810476 86638268 94411635 280571979 31631278 12135679 24446652 16873721 26403717 24965685 162334151 525304 43637846 93765590 657041 14547779 53533371 3734865 22446573 44750856 141146721 70763181 25348046 39989206 45996548 139649599 14354011 100634087 84517776 173207653 5189076 58694447 33196341 56035551 26541788 4851042 47053114 83500532 6715885 333147 73991092 22815214 7195138
23339507 84466340 13184479 512428 1697416 12745232 9658563 7752961 4625899 15007056 557576 21263790 978533 2507509 70121820 47785271 8072171 7271042 3942631 15340352 50053353 514128 9023963 4017642 7880079 3859574 3651271 13706076 15619 1077159 69335 18448384 6919521 6400241 33823355 1641684 30247338 2564115 20522068 21510207 8666279 18685125 12310396 10994249 14182174 14074124 22831961 11453726 39446 26112684 1213363 6737576 1704005 28704027 22373149 56647704 11884709 65187339 5013692 6171101 11719547 7797158 6024264 639744 28953580 15371672 7590338 40073835 17630691 14029173 9647442 1127723 27024264 23538606 13435335 11569238 4339083 32279652 23683780 8287626 70069639 11854821 1530477 35534855 29075931 6810476 6992744 42239719 17391524 1398102 10505059 36561732 16873721 19041932 16993970 47119503 525304 43637846 5674310 23843410 23501009 1612961 3734865 106306170 5996934 52826067 5969938 31913017 12671923 20981403 14291753 5789509 96071783 5566258 100445469 32232964 27163352 13288898 19302769 15022866 4851042 8641394 37292664 5174337 333147 30262558 4361437 7195138
25307057 60846274 13184479 28029711 125816887 12745232 75788177 118576916 56920750 74719064 61761777 148748435 72685474 31530469 84323040 104747425 8323503 9366400 30881930 117433863 50053353 62445198 33508396 27573323 10565276 32043842 3651271 74111278 119749385 44193996 45100965 111458816 18916988 44638705 33823355 208866193 42541170 12642616 2648421 41776538 50981624 22998340 88896609 10994249 58488048 4102161 22831961 83584641 161185336 54942236 50762164 23627116 15999458 126725316 77475343 56647704 22126698 65187339 18685279 123663484 11719547 7797158 18481698 639744 6292617 162673438 15569611 40073835 34358052 4095592 33175767 61803817 44573994 24695511 40977543 95751201 56218959 18217551 45793594 19042281 80967414 11854821 1530477 73190998 114831897 34164510 145454989 122026186 34389309 31631278 10505059 41296607 52130229 20743087 19975656 11047387 525304 35855540 7093073 74512465 73534345 1612961 127817669 113651787 50679498 39825820 9741561 21896849 17106983 71484720 61520155 14354011 146886375 88280971 205058911 165443117 13111354 44867521 76891802 49883072 116331093 6850379 83500532 6715885 333147 45819583 18410550 7195138
