25307057 124570557 13184479 2969361 38249090 12745232 27886755 28509606 19732660 12466007 78593806 136129608 4829201 60243568 97401798 47785271 13032038 21040367 495536 76190292 13478717 58749818 44717486 27573323 62366688 91502459 3651271 42856167 43698027 43809909 49586604 57635847 9555136 12217976 15409887 108285435 41351191 22328136 22888321 21510207 88399414 22998340 38836354 10994249 58488048 25950560 22831961 94669343 168456209 12631220 64517681 2763495 31534853 39235114 23812288 68462468 7325136 65187339 32582496 1108540 28604871 7797158 72958476 639744 12681370 75703294 7590338 1726340 34358052 7336867 1595851 23369701 27024264 55589323 3630710 95751201 57118894 57001644 24773281 19042281 21206848 65387561 1530477 68354842 29075931 26293371 17196673 6708668 17391524 31631278 10505059 15349394 16873721 26403717 26032187 70248969 525304 43637846 8073821 39996534 38429113 114469767 75248458 113651787 44750856 67413789 103061330 116942373 123965859 45996548 42391211 14354011 100634087 19239628 16186721 84716672 53193645 29444054 100108668 15022866 12707311 33183095 59213041 13790828 333147 31986332 4361437 7810179
25307057 124570557 13184479 10127688 61307765 12745232 95441499 57256952 19732660 15916153 86101458 136129608 15015929 60243568 185660087 29485153 13032038 21040367 30881930 76190292 13478717 62445198 52348915 78997329 10565276 107719224 3651271 143892781 34580039 1077159 20435841 69110196 48336600 44638705 15409887 168599206 42541170 89532648 36209994 41776538 88399414 22998340 45470041 10994249 58488048 25950560 22831961 94669343 161185336 95211786 127115643 69986434 15999458 123925896 77475343 56647704 120254902 65187339 32582496 18189072 28604871 7797158 18481698 639744 13982952 75703294 15569611 98238235 26566166 14029173 47358698 23979894 39710019 47091933 3630710 569983 112853756 41189854 24773281 1891760 80967414 23780590 1530477 57931050 17831195 26293371 192456386 4095465 142192246 31631278 10505059 47909979 19123433 26403717 22816442 12942705 525304 43637846 8073821 32585371 82486678 11289837 49376558 113651787 63355576 67413789 246716864 48846437 17106983 37946007 115039879 14354011 148407520 114252691 189254564 12324686 58694447 10140183 23542082 71015624 15048002 162183152 83230881 112841428 333147 634538 75682362 7195138
7802148 62454927 13184479 31312792 25977614 5038026 70660080 21861454 4625899 63433455 15479950 20752637 16427246 2507509 70121820 39867633 22825236 100817506 17966784 2452972 21689838 62445198 26202121 27573323 10565276 12426897 3651271 53946651 27767680 25445883 43001263 99528481 6919521 70647555 15409887 28939109 42541170 12642616 20522068 21510207 9018652 22998340 32655280 10994249 10370632 25950560 22831961 1621265 12551448 5237479 1213363 6737576 31534853 39235114 16172953 68462468 59362181 63168311 16845068 1108540 28604871 7797158 79527872 639744 54499212 7663900 21333021 40073835 1159000 14029173 15568912 23979894 4680196 82720787 2340465 36693107 28139551 3300704 35208246 19042281 11617596 66024841 1530477 46468038 103253278 6810476 34076539 99381538 17297688 31631278 10505059 41296607 51940969 26403717 17432647 4812103 525304 22913937 61498447 45228631 47089124 53533371 30068325 3136695 39837243 52826067 5969938 46920659 45291312 68070395 59080319 14354011 21140199 5566258 42485265 8714253 27163352 70793311 260725767 40263179 87073718 6850379 37292664 13790828 333147 30262558 12734128 16613585
11620388 46832713 13184479 2969361 43472738 3766471 41144296 10122102 56920750 40510848 25791193 21263790 4829201 60243568 45618663 104747425 33948655 21040367 4583727 2452972 50053353 46249208 4212015 22676280 9685356 32043842 3651271 38439432 34580039 43809909 106501111 41013572 9555136 44638705 33823355 41005946 42541170 12642616 91444066 12902880 50981624 949181 36214858 3191572 58488048 18290164 13243896 53239987 140705999 67749763 79867739 69986434 15999458 12292136 77475343 3024392 67124297 44862946 16845068 1108540 28604871 7797158 18481698 639744 28953580 10394921 15569611 1726340 1159000 14029173 7624649 18317134 44573994 1137316 29208139 30146967 56218959 15541717 46942287 19042281 22273856 50300872 1530477 46468038 143397724 24375973 34076539 59658754 73523564 6255539 10505059 16623452 19123433 2378059 4252776 12483767 525304 43637846 93765590 25002800 33650224 1612961 37010980 37302662 11962605 67413789 12025196 92305755 17106983 69699736 8263329 14354011 24512866 122082491 117699842 18196373 9353080 60711029 8002705 26070201 69748657 33183095 20193588 25086720 333147 73991092 93386480 3581849
7802148 61815360 13184479 25716779 62307309 5038026 36656871 21861454 4795970 27470127 15479950 20752637 4829201 60243568 20118059 13029075 32668428 14928827 495536 2452972 21689838 62445198 40698180 7876632 10565276 2470502 3651271 38439432 5309122 38701711 43001263 26385027 48336600 44638705 15409887 30337734 9965949 12543763 20522068 21510207 9018652 22998340 36214858 10994249 10370632 25950560 12519816 11453726 4125588 5237479 49794506 6737576 30464559 12990612 13791106 34751556 35817613 24579468 16845068 1108540 11719547 7797158 3077044 639744 36012274 8304383 36345193 41534516 1159000 7336867 4403816 49624994 4680196 44666007 2340465 9327887 13862978 35719603 2963552 19042281 11617596 21476360 1530477 17392088 3546525 19085323 99631473 41730893 38042837 1398102 10505059 24958164 14326384 7699313 4252776 4812103 525304 23378326 27359501 14646703 24955412 30781750 30068325 32825289 11962605 67413789 53201818 25348046 10609440 37620500 28341236 14354011 45194725 63958582 42485265 8714253 27163352 44867521 19411598 40263179 29673427 6850379 26543951 15494163 333147 39845646 22815214 7195138
25307057 156323681 85449535 64854476 298906930 12745232 38921505 21109595 19732660 542707149 80993208 29444805 51648621 60243568 121470719 151897493 110213531 80989845 124392264 44440076 555759775 105016577 149632399 225330139 70693885 144556977 3651271 2803277 351399979 91804719 131192657 83718986 60857595 91806014 33823355 294803645 14298519 15822092 117761669 41776538 88399414 22998340 36214858 10994249 14182174 94014102 22831961 211036066 57315994 95211786 40019893 69986434 31534853 28704027 77475343 68462468 94759044 5566806 20031371 1461714 86184462 45010464 26768210 639744 159692563 228842743 77993117 220409905 45320994 14029173 22063891 23979894 44573994 266554708 153311199 16429480 179379214 41189854 46942287 105957227 80967414 5665244 1530477 46468038 67925277 34164510 192456386 122026186 359314458 53796116 10505059 47909979 52130229 141305175 361527823 44618434 525304 237950622 147583479 68366365 106018825 132820310 127817669 211086719 11962605 39517107 387010911 215128336 123965859 45996548 16238293 14354011 1610981 110392229 205058911 252699118 76474386 102651175 242456231 124730555 39462915 207136104 166668307 316728838 41866856 97798596 128134414 35088893
25307057 220660038 85449535 24303698 61307765 12745232 192841111 21861454 4625899 83349463 97544288 38753552 52820306 2507509 70121820 29485153 138888797 168999860 495536 117433863 87138403 112664305 8936254 27573323 23574465 107719224 3651271 38230921 9592355 49600950 131192657 247219163 6919521 235905192 33823355 143429323 287669236 78285592 20522068 41776538 9018652 18685125 37458697 10994249 58488048 84555516 30006240 94669343 136091965 7563117 50762164 6737576 31534853 12292136 150686984 56647704 233654470 65187339 68542848 25135066 136033854 108906472 18481698 639744 54499212 61603067 511586811 57810256 34358052 14029173 55017059 61803817 52119408 111820948 99847031 53199481 97749809 18217551 46942287 19042281 65697582 120145852 1530477 46468038 295490328 73161060 124627067 31180241 143970406 153910495 10505059 51413788 52130229 26403717 99886459 229669410 525304 97773411 170075 68366365 75917444 132820310 30068325 65332973 63355576 52826067 90273720 243437546 82184432 37043979 86030890 14354011 25740644 15762633 398986810 48042061 76474386 28639394 49800914 124730555 116331093 228725716 37292664 108285924 79634914 135845597 51647069 7195138
25307057 124570557 13184479 31312792 38249090 12745232 121759699 134576869 19732660 63433455 86101458 144215906 79197516 60243568 185660087 79788970 69284562 51434327 23176980 8582215 248253159 62445198 58914502 30300967 10565276 107719224 3651271 10555134 34580039 80980532 131192657 29383042 54332702 58495579 33823355 137035955 61228270 12642616 47801243 21510207 88399414 22998340 162112014 10994249 58488048 140518063 35594242 30511312 29029994 95211786 18646979 69986434 31534853 34820669 59093605 56647704 233654470 24579468 68542848 7727822 136033854 123648894 18481698 639744 134426399 85876235 36345193 100027801 34358052 14029173 9647442 39362831 2785921 176478046 3630710 61560173 143966354 41189854 46942287 19042281 96354659 12852549 1530477 46468038 163784541 1240517 308377376 122026186 354977229 31631278 10505059 47909979 19123433 10737561 107622048 47119503 525304 70843466 23405435 220593459 176363004 1612961 127817669 118706361 50529383 181800752 50805374 128093042 47737602 45996548 139649599 14354011 100634087 122082491 96396043 92713001 27163352 102651175 40442720 57614512 43732922 21352948 26543951 11090549 333147 15408004 46256733 7195138
25307057 46832713 13184479 10127688 11166393 12745232 75788177 28509606 56920750 53515098 86101458 46222600 79197516 60243568 89770486 115036257 10134115 21040367 27262584 2452972 58278269 1967161 52348915 22676280 10565276 91502459 3651271 49922823 149731336 43809909 27838302 129034955 48336600 44638705 4134210 4823059 42541170 12642616 22888321 21510207 49849162 22998340 36214858 10994249 11022457 25950560 22831961 94669343 19102632 95187626 1213363 69986434 31534853 23923378 4027970 14144560 175665615 65187339 20031371 7727822 64657009 7797158 72958476 639744 7198878 122190595 12671820 1726340 18680976 14029173 9647442 20502257 18246139 92798575 3630710 604362 56518159 1922073 46942287 19042281 73136182 6476502 1530477 57244154 29075931 6810476 8252532 80592907 73523564 31631278 10505059 15349394 52130229 2378059 24965685 44618434 525304 43637846 23405435 68366365 73534345 98727660 127817669 18238694 11962605 67413789 103061330 33925345 5054040 45996548 81244994 14354011 100634087 46260791 10272036 18196373 19367702 52207553 107898474 71015624 80598573 33183095 160441638 83833008 333147 51672821 118944583 7810179
32184365 60846274 13184479 25716779 12344097 12745232 75491937 55969131 56920750 43689005 86101458 63726466 30437969 22542142 41152612 40743048 22825236 21040367 55868886 2452972 64870686 46689247 45419299 27573323 56731964 83231999 3651271 6784298 62808774 46729682 51379464 71392408 26665156 12217976 33823355 41072601 36754161 12642616 91444066 21510207 9018652 22998340 3782314 10994249 37619923 118371802 22831961 3982392 58846292 33001259 49794506 42933258 12935670 12990612 10808626 20152088 7325136 5566806 16845068 14333510 123370973 116759860 18481698 639744 67048226 7663900 105564377 1214311 1159000 14029173 89636330 3557009 39710019 137005738 14849967 31675416 24838795 44539931 26774426 19042281 48355286 46248767 1530477 46468038 29075931 1351402 5401967 124730381 17297688 4955074 10505059 23003252 49557873 26403717 17432647 29138473 525304 49313433 4397634 9603271 4289706 84055194 75248458 24525915 63355576 43697449 103061330 19902610 45291312 45996548 89169803 14354011 31595490 19738654 173207653 5940629 27163352 10140183 33168778 73748548 4981113 24981493 21252916 123445450 333147 924313 12734128 7195138
25307057 231972810 13184479 4639359 132721297 35655145 192841111 21861454 4625899 53515098 86101458 205700930 79197516 2507509 38402251 104747425 33948655 21040367 22218893 117433863 120464517 112664305 25455312 27573323 31638311 105978672 3651271 74111278 110001238 43630537 85860783 83195238 6919521 89659124 33823355 19523514 113538676 12642616 20522068 41776538 88399414 22998340 37458697 10994249 58488048 84555516 85853728 100859830 168456209 95211786 50762164 6737576 31534853 73691248 18828718 68462468 240145667 143795386 109522322 123663484 30700059 210729140 13502449 18422277 54499212 6426421 185866326 1726340 23774012 14029173 88368610 61803817 44573994 92798575 34509554 95751201 71190044 57001644 46942287 90361038 160148902 63933780 1530477 38844135 160663772 34164510 99631473 131117693 38042837 31631278 10505059 51413788 52130229 59968636 437980867 63495780 525304 70843466 88141859 189227571 27760642 132820310 30068325 130134595 50679498 52826067 135749155 120530128 12138914 141493276 86030890 14354011 179100129 48472190 236244102 25242221 6256070 73912660 33432492 73748548 116331093 33183095 37292664 185909872 333147 135845597 51647069 132594362
25307057 245360437 7787371 4639359 1868056 12745232 3232719 32222110 66191506 74719064 61761777 35084111 36678876 88318977 91435830 96940281 75359774 14928827 30881930 2452972 50053353 62445198 7101577 92500992 10565276 103678950 4822066 75150734 149731336 38701711 49586604 26385027 48336600 44638705 15409887 229043552 10829913 12543763 91444066 95290341 88399414 49685976 5235585 10994249 161318392 25950560 10155181 35729452 161185336 67749763 33704255 5041457 15999458 19251391 130584906 34751556 43725430 65187339 129553852 24878296 41400192 7797158 4330895 639744 28953580 36720293 15569611 40073835 34358052 47859585 83226058 108003663 27024264 102777744 98293197 54971471 8288111 55909980 46942287 19042281 62638233 17715920 25516693 72768362 130918299 27963670 59369829 16688503 73523564 41489100 10505059 41296607 16873721 26403717 23128318 32655455 525304 160266490 88141859 5935994 24127184 4281299 39651909 113651787 28399035 67413789 135749155 64077622 12138914 45996548 44966366 88298842 60163813 56638720 118974943 13651622 11205519 55727325 8002705 90489194 116331093 6850379 73033190 13790828 41866856 73991092 162564257 7195138
25307057 16756781 81099662 10127688 130246071 3766471 36656871 21861454 19162425 74719064 123417832 33144734 978533 60243568 185660087 39173439 33948655 21040367 495536 2452972 29013564 62445198 1927075 28806558 10565276 107719224 3651271 42856167 34580039 43809909 49586604 119967539 10794924 44638705 15409887 29117489 9965949 12982391 20522068 12833290 88399414 22998340 2634144 10994249 58488048 25594832 10155181 57320899 99217165 12631220 25215551 6737576 15999458 19251391 13791106 56647704 37961991 65187339 76668448 123663484 11719547 7797158 18481698 639744 2240352 79066978 15569611 55145398 34358052 47859585 88368610 23979894 44573994 9990529 65760720 85755716 28130866 57001644 1889812 19042281 80967414 12852549 11386779 2709078 18613787 26293371 75167144 41730893 140151493 10163626 10505059 24958164 19123433 10780354 26032187 24426597 525304 43637846 27359501 32585371 44271665 53533371 3734865 59212733 44750856 67413789 1055109 72611735 17106983 37946007 86030890 23102968 124805475 20388905 224885192 26560855 9353080 10140183 26402681 124730555 116331093 179844663 37292664 15494163 8319658 634538 55034387 7195138
25307057 68157095 13184479 31312792 1697416 9005141 41110479 37427668 56920750 53515098 78593806 72209866 12702596 2114491 12406532 40743048 8323503 21040367 30881930 2452972 29429827 39884000 34640939 27573323 23574465 3859574 3651271 38439432 2152463 54301029 32646360 16935723 18916988 12217976 15409887 32556167 30247338 12642616 22888321 21510207 198527978 18685125 19154957 10994249 58488048 25950560 22831961 3761101 93828529 95211786 42744204 59557378 8476056 31391330 95912 68462468 7325136 63168311 102146957 7727822 64657009 7797158 5162433 8734879 27248432 177434668 12212761 1726340 26566166 14029173 15568912 71968191 70466552 92798575 24345619 48976978 24838795 18217551 34429946 11520143 70069639 17715920 1530477 68354842 11558235 49007951 4605918 16688503 38042837 31631278 57680507 41296607 12746201 26403717 20413035 70248969 525304 11941208 5141649 28791299 6189676 1612961 38405348 69599815 53897479 67413789 54578504 72616918 17106983 51287793 137599319 14354011 21140199 19239628 109648018 26560855 27163352 28639394 19302769 45474480 24421901 33183095 49321425 126250942 333147 73991092 128134414 7810179
25307057 100384027 13184479 25716779 30085570 12745232 37985077 7027648 6272859 33797347 12448860 13158355 29828957 2507509 74629440 169203855 250634815 100817506 324371 14011691 50053353 42082435 26202121 115247042 118813739 107719224 3651271 4858375 35750264 830100 42310240 95063664 6919521 89659124 33823355 233462380 287669236 12642616 20522068 8780955 121410873 22998340 37458697 10994249 58488048 125478228 293546 144397192 82149478 95211786 21442131 6737576 15999458 73691248 16766552 9589358 50590121 65187339 343671819 25135066 22390281 40417577 16282656 18422277 28953580 12305145 15569611 78887237 3351193 14029173 81930172 61803817 7523349 86807912 55913100 52867921 51829730 57001644 40575607 19042281 121806531 56090809 1530477 46468038 6558744 24375973 167454482 104083857 143970406 67646639 34621526 32238565 19256213 26403717 117369863 42982996 525304 223514965 67282440 5408768 54853876 64539980 30068325 34963906 59139288 35424591 152276919 11848336 17106983 114842090 86030890 14354011 3861731 122082491 147840801 85666407 18926021 125496363 190185572 63677002 25737423 174383736 37292664 81288399 11363249 104809721 51647069 7195138
25307057 68157095 7526640 25716779 1868056 7270023 1399829 32222110 56920750 29667783 32369684 29444805 978533 17862264 97401798 14137725 10169647 21040367 27262584 2452972 29429827 1967161 43187139 1686801 442167 8060425 3651271 11041564 9108865 57124704 44874489 129034955 39840070 2727417 4134210 6055005 23836715 12642616 7176766 21510207 4770683 949181 29895649 10994249 58488048 1787621 10155181 38117314 79945968 82821602 25215551 26176089 31534853 19251391 13791106 40923525 37961991 65187339 93608448 7727822 16212043 1818928 18481698 639744 7198878 122190595 76900304 1214311 26566166 14029173 89636330 18317134 27024264 9990529 28819640 27613905 54557916 10001869 13914220 19042281 19247202 17715920 1530477 20506539 22488411 24375973 86638268 41730893 38042837 336117 55639868 4630572 12746201 26403717 26032187 26516015 525304 98479 27359501 19867026 44271665 1612961 3734865 113651787 33977065 1991758 46957258 7500048 39989206 52633701 139649599 14354011 60163813 56638720 10272036 296990 17260024 24270063 69130389 17481623 24421901 44349684 64592319 61804304 333147 73991092 53309237 7195138
25307057 68157095 13184479 31312792 13313238 12745232 27886755 21861454 4625899 53515098 86101458 119324356 978533 2507509 70121820 40743048 8323503 105717082 22218893 30894791 59250640 112664305 26202121 27573323 23574465 105978672 3651271 38439432 277511811 54301029 49586604 16935723 6919521 35634218 4134210 57773461 113538676 78285592 20522068 21510207 88399414 18685125 37458697 10994249 58488048 25950560 35594242 94669343 43661045 95211786 1213363 6737576 31534853 31391330 23812288 68462468 58023042 65187339 102146957 1108540 127338624 48709428 5162433 8734879 50612659 23959140 7590338 1726340 34358052 14029173 40824056 61803817 44573994 176478046 34509554 48976978 114285261 10001869 34429946 19042281 73136182 17715920 1530477 46468038 193993563 6810476 4605918 16688503 17391524 31631278 10505059 1896021 43914595 26403717 54522347 62397866 525304 97773411 93765590 277684535 75917444 116897003 3734865 113651787 50679498 34176990 54578504 72616918 39989206 45996548 86030890 14354011 41657191 27711393 109648018 41358386 58694447 28639394 85479121 49883072 116331093 33183095 37292664 136507251 333147 30262558 4361437 17297813
