7802148 60846274 20469476 10127688 38249090 3766471 28813068 21861454 66191506 42287965 9620790 21263790 4829201 2507509 7297121 71264342 33948655 21040367 495536 2452972 50053353 28835973 4212015 25917929 10565276 12426897 3651271 34100315 34580039 46729682 73340517 20983666 6919521 44638705 21256902 64516342 36754161 12642616 20522068 12902880 24095429 949181 37458697 10994249 10370632 18290164 13243896 26096331 17057576 7881288 46464676 6737576 15999458 12292136 77475343 56349515 6205166 65187339 2595534 7727822 28604871 7797158 18481698 639744 1661632 47689911 15569611 1726340 34358052 14029173 65688954 23979894 27024264 92798575 2340465 53199481 57118894 3300704 24773281 19042281 62638233 23780590 1530477 1791382 17831195 24375973 34076539 106145519 73523564 35131486 10505059 41296607 16873721 2141977 2461488 35409055 525304 35855540 29609684 68366365 4289706 359205 30068325 61978475 3762421 43697449 5969938 116942373 17106983 45996548 8263329 14354011 25740644 19239628 61874726 8714253 8292609 9268321 99362701 26070201 15048002 163921555 37292664 29680968 41866856 5451841 55034387 7195138
25307057 49308599 13184479 10127688 1868056 12745232 86503250 140078891 56920750 72468034 39893672 29444805 8769601 60243568 20771636 48667837 8072171 28537710 3942631 49656573 58278269 62445198 38603101 16695132 9685356 32043842 3651271 6784298 34580039 68631813 10435570 53381801 60373192 34187238 31729740 32556167 531394 49659449 7176766 41776538 9018652 22998340 14876744 10994249 10370632 63377387 1559309 51671602 5410629 26112684 64122307 17549493 8032091 5058094 13973927 18489150 11884709 44862946 16845068 71437802 123370973 123648894 18018945 18422277 34778218 10394921 17832192 57810256 7769946 14029173 9647442 23979894 44573994 1137316 52848366 604362 23512380 30354986 46942287 19042281 43427074 17979944 1530477 65899864 61871772 27963670 17645557 15392655 31023720 31631278 10505059 36561732 14326384 26403717 24965685 12289620 525304 43637846 92862655 51718417 39844688 52986134 78720168 22446573 45153869 30056237 22117204 32156761 28621539 68070395 152786592 14354011 25740644 13437134 46721059 18196373 76474386 13288898 9701078 48583318 55835521 35847596 7433600 9936774 333147 31986332 128134414 7195138
11277460 62454927 13184479 31312792 1868056 12745232 36656871 21861454 3049037 10041554 21731356 23004782 16427246 2507509 75989223 29485153 7753237 14928827 22218893 30288884 50053353 62445198 1995183 11720078 10565276 2470502 3651271 52441434 23909840 36694410 38555877 34028444 6919521 58495579 15409887 26302500 13933641 2564115 20522068 8780955 2115451 8601071 2634144 10994249 47232915 22395575 22831961 26096331 17715319 4660124 43303018 6737576 15999458 5379594 10808626 7570115 40796946 5566806 55562304 25135066 16212043 7797158 18481698 639744 2240352 47689911 15569611 2959652 25692 14029173 55017059 6219360 27024264 74685815 2340465 27613905 15001488 18217551 46942287 19042281 50824214 23780590 1530477 3817576 6558744 20754028 114203419 41730893 73523564 10947694 10505059 29060417 16873721 26403717 20413035 47119503 525304 50981353 27359501 32585371 26128484 44450792 7983552 9203328 49199522 52826067 37091483 128093042 10609440 42489310 8263329 808716 30555622 1675404 121927977 10651469 27163352 10140183 33168778 16254302 112516430 33183095 27839348 6750385 333147 49728064 47420378 7195138
16168513 79513726 13184479 49599661 61307765 12745232 41110479 134576869 19732660 10041554 123417832 99081003 30437969 38843218 157226607 104747425 109213966 19714107 30881930 2452972 50053353 62445198 2316853 27573323 10565276 50050627 3651271 75150734 27767680 35139609 38555877 57635847 48336600 44638705 33823355 81458736 42541170 22328136 52378559 21510207 88399414 22998340 162112014 10994249 58488048 203693762 22831961 26096331 109723845 52535179 49794506 23627116 15999458 12292136 77475343 34751556 64786398 65187339 16845068 7727822 11719547 23506131 18481698 639744 28953580 8304383 15569611 22570885 16285441 14029173 89636330 39362831 44573994 62390106 63277278 76865966 22681292 55909980 46942287 19042281 80967414 12852549 1530477 3817576 3546525 26293371 127685595 122026186 28342002 31631278 10505059 47909979 52130229 26403717 56662377 47119503 525304 120266853 125674266 68366365 24955412 12409772 35106715 113651787 50679498 115105956 1055109 28400006 17106983 80274373 44966366 14354011 30555622 56638720 153719623 58327266 11205519 141095612 172833034 9031436 116331093 44349684 64592319 15494163 333147 25157177 128134414 7195138
7802148 62454927 55711458 10127688 61307765 12745232 116860100 128351971 19732660 20468678 85158702 99081003 16427246 22542142 7297121 29485153 44034934 9366400 24057463 2452972 58278269 28835973 8936254 27573323 23574465 12426897 3651271 61273900 9592355 46729682 124804050 34028444 130192729 52473952 33823355 41005946 36754161 12642616 66535980 41776538 9018652 18685125 36214858 10994249 30093416 83457296 18706531 88329658 53357328 7881288 54852072 69986434 31534853 12292136 127322307 34751556 33015699 65187339 20543469 1909403 28604871 7797158 18481698 639744 2240352 8304383 36345193 39765831 7769946 47859585 72886060 21408447 41380029 47943487 2340465 53199481 23512380 3300704 46942287 19042281 50824214 114669776 25516693 21803868 3546525 26293371 90142090 5486222 143970406 35131486 10505059 51820445 82920865 26403717 20413035 39468548 525304 35855540 170075 32585371 4289706 44450792 110063125 17679166 3762421 25206830 49176588 129614348 60214546 37043979 17159682 88423573 137223778 15762633 154265284 8714253 13111354 10140183 26402681 50069796 116331093 71737599 37553758 29857854 79634914 45858453 18410550 7195138
4931195 162239506 13184479 10127688 62307309 5227896 6743500 7752961 4625899 15916153 79239216 33144734 978533 2507509 7297121 73291526 13032038 14928827 495536 2452972 32608266 1967161 26202121 20215227 988038 9044551 3651271 38230921 5309122 65780237 43001263 13554013 6919521 44638705 15409887 32556167 10829913 12543763 20452833 14356518 4770683 18663644 2634144 10994249 14182174 14362167 12519816 80560557 32320992 12631220 46464676 6737576 8476056 5058094 13791106 56647704 33015699 24579468 2595534 7727822 16212043 22378755 18481698 639744 28953580 5310577 12671820 1726340 1159000 14029173 4414242 23979894 12602546 27071476 29208139 27613905 54557916 39970985 46942287 19042281 35176429 23780590 1530477 8785340 3546525 24375973 267996 41730893 1415293 31631278 10505059 11695249 7845690 14004865 23128318 44618434 525304 35855540 9128698 68366365 24955412 53533371 3734865 32825289 3762421 31160684 15247547 25348046 5054040 37620500 86030890 11592130 27586020 116570558 10272036 8714253 17260024 20687292 98478208 45474480 4851042 33183095 26543951 29857854 333147 7913794 16970811 3581849
7802148 49308599 13184479 10127688 25977614 7136583 27886755 14056179 4625899 29667783 5386105 21263790 978533 2507509 70121820 98986852 8323503 9188316 2161574 2452972 50053353 62445198 26202121 11720078 2410503 8060425 3651271 53564187 32522476 25445883 37644326 30547793 6919521 6400241 4134210 13820506 27594210 12543763 20522068 21510207 9018652 22998340 2634144 10994249 10370632 55972702 12519816 88329658 4019398 7881288 43631419 6737576 1704005 73691248 15723104 56647704 35817613 9010686 21212413 7727822 10487552 7797158 7172175 639744 28953580 6426421 12671820 1726340 7769946 14029173 9647442 1127723 27024264 1593635 2340465 27496765 6704911 10001869 12567937 19042281 5773856 23780590 1530477 17392088 18613787 34164510 135393518 27312935 1415293 10163626 10505059 51413788 16873721 26403717 14940356 39468548 525304 3406297 93765590 81430064 26128484 37655201 3734865 31960498 3762421 762590 36218127 25348046 5054040 11507680 68834253 5789509 25740644 56638720 120429893 10651469 27163352 11909961 9701078 49883072 12707311 6850379 26543951 15494163 333147 60001455 22815214 7195138
25307057 40067993 43544098 25716779 1868056 12745232 4574109 189652475 66191506 53515098 96537563 205700930 6247353 119777789 124911808 40743048 10169647 15767900 495536 117433863 52009772 62445198 136353013 105020789 10565276 19049009 113431928 38439432 5309122 91804719 49586604 129034955 60857595 21537716 106194251 25188290 42541170 12642616 66535980 134330638 88399414 125329202 38836354 10994249 198684362 116084443 22831961 53239987 161185336 12631220 64517681 233346600 2979882 163957378 26777729 56647704 394178393 65187339 109522322 7727822 204541569 123648894 18481698 18422277 27248432 61807293 105564377 1726340 34358052 41380539 80058273 137552711 44573994 176478046 34509554 236158227 18253020 57001644 36282913 19042281 80967414 50300872 25516693 73190998 596864859 24375973 173620355 169561454 38042837 59231088 10505059 41296607 92914340 26403717 20413035 47119503 525304 309492641 5141649 281695804 106018825 81212997 15308883 113651787 50679498 122210060 152276919 75489686 30913729 91214450 141763510 90374370 100634087 122082491 109648018 165443117 27163352 191384492 39550065 124730555 116331093 181717851 49967088 13790828 41866856 160678947 151655558 7195138
25307057 71513841 13184479 10127688 61307765 12745232 192841111 81803809 56920750 42287965 78593806 99081003 35931173 60243568 157226607 40743048 69284562 21040367 24057463 2452972 50053353 62445198 48304588 25917929 10565276 107719224 3651271 2803277 9592355 43809909 49586604 34028444 48336600 90863677 33823355 29117489 42541170 15822092 21253027 41776538 24095429 18685125 45470041 10994249 58488048 83457296 22831961 88329658 79945968 63981367 57033003 58807985 15999458 12292136 77475343 34751556 456761309 65187339 73939708 25135066 16212043 1818928 18481698 639744 28953580 61603067 15569611 184790078 34358052 14029173 15568912 23979894 39710019 47943487 16846167 53199481 57118894 57001644 34429946 19042281 62638233 12852549 1530477 46468038 17831195 26293371 179809533 31180241 280571979 31631278 10505059 95252160 19123433 26403717 26032187 47119503 525304 43637846 93765590 45586308 26128484 44450792 127817669 17679166 63355576 67413789 315973487 128093042 17106983 80274373 44966366 14354011 148407520 19239628 373101111 92713001 86088369 28639394 26402681 71015624 15048002 291985354 61437471 108285924 333147 73991092 128134414 7195138
25307057 143657842 13184479 31312792 35829513 12745232 42820937 21861454 19732660 56486116 79358821 20752637 60667364 2507509 175004351 134433718 59202551 14928827 22218893 26252854 32608266 62445198 26202121 129040121 10565276 55199903 3651271 74111278 23909840 44193996 49586604 73081062 6919521 34187238 15409887 137035955 124723364 12543763 12658973 30666936 56425634 22998340 37458697 10994249 58488048 25594832 28847088 35729452 7971919 95211786 25215551 6737576 31534853 5058094 18828718 56647704 26554394 65187339 138816080 25135066 11719547 63582404 18481698 639744 32628779 92820744 77749459 80353342 34358052 14029173 88368610 14483268 89070434 9990529 29208139 61560173 22681292 39517679 23683780 4367273 92413645 56033479 1530477 46468038 6558744 20754028 36579090 122026186 141606020 31631278 10505059 47909979 51940969 17318644 31900160 47119503 525304 36267738 61498447 68366365 47089124 1612961 30068325 60806267 63355576 52826067 1433955 15616098 47737602 240174151 86030890 14354011 43491686 96917964 26057859 72133188 11205519 29444054 284067280 55494635 12116442 22957119 37292664 15494163 333147 29001194 51647069 7195138
7802148 19468977 13184479 512428 57490924 5038026 63025095 21861454 4625899 15007056 557576 10667095 16427246 2507509 23677649 24843783 22825236 14928827 4583727 2937948 26330913 28908121 26202121 11720078 2757464 12426897 3651271 6784298 27767680 25445883 5804463 26385027 6919521 44638705 21256902 10157275 9965949 12543763 20522068 41776538 9018652 18663644 32655280 10994249 8887445 5253477 14056526 1621265 4125588 5237479 6556667 6737576 31534853 12292136 10808626 56647704 37961991 24579468 16845068 25135066 10487552 7797158 4330895 639744 37984362 16417600 2731560 1726340 16285441 7336867 15568912 61803817 4680196 9990529 2340465 27613905 36522737 18431591 24773281 8287626 11617596 21476360 1530477 42001435 17831195 5692948 24458163 21260842 34389309 3420187 10505059 270971 7156824 26403717 23940823 26516015 525304 23378326 1168472 8326117 32023313 33817585 19660636 3136695 11962605 52826067 53201818 46920659 10609440 45996548 4071763 14354011 31595490 5566258 40951625 5940629 17260024 4800034 19411598 8190117 29673427 20815462 26543951 15494163 333147 924313 51647069 7195138
25307057 47311019 25981485 25716779 1697416 12745232 3303385 41336724 17695859 12466007 5386105 21263790 978533 38843218 12516798 32501671 4716094 14928827 2277172 2452972 117660160 13799298 34640939 4017642 10565276 3859574 3651271 10555134 132894600 5704440 27838302 29383042 48336600 54587104 15409887 15454990 30247338 2564115 52378559 21510207 8666279 6178871 36214858 10994249 14182174 13080075 22831961 26096331 4125588 6851675 1213363 23627116 1704005 12990612 14504135 18572619 11884709 9010686 12132222 1461714 11719547 7797158 18481698 639744 10897469 47689911 12212761 1726340 17630691 7336867 9647442 1127723 2785921 9990529 13435335 16429480 13862978 41189854 2963552 19042281 70069639 16041335 1530477 3817576 29075931 6810476 5401967 111296975 25282226 1398102 10505059 990120 16873721 10737561 20413035 47119503 525304 48107017 60553761 6641461 26128484 53533371 3734865 76939731 5996934 30722801 5969938 31913017 39989206 22498706 80508279 11846597 6407137 5566258 16186721 18196373 17260024 10140183 19302769 124730555 63333288 29353850 42384018 11090549 41866856 634538 46256733 2405612
11747663 80770947 13184479 10127688 41588749 3766471 17484894 105171270 19732660 53515098 32369684 35084111 4829201 57504418 58104247 14137725 8323503 21040367 495536 2452972 31642479 1967161 4212015 12700179 9685356 107719224 3651271 42856167 15748529 91804719 49586604 41013572 10794924 44638705 15409887 15454990 11396972 12642616 7176766 21510207 73606320 6178871 36214858 10994249 14182174 25950560 10155181 6648013 19102632 12631220 40019893 23627116 14517516 19251391 20921773 56647704 11884709 5566806 1479183 7727822 11719547 4479947 18481698 639744 34778218 5310577 18078431 1726340 17630691 7336867 22063891 21408447 44573994 1137316 13435335 51423547 97843424 35719603 24773281 19042281 15908477 5665244 1530477 57931050 29075931 20754028 75167144 108413317 46226020 10163626 10505059 38107613 52130229 14004865 32907912 11047387 525304 23076813 92862655 6641461 23501009 1612961 19660636 113651787 11962605 71705591 1055109 80951000 19964811 58159726 51939251 14354011 100634087 110392229 10272036 26560855 9353080 13288898 8002705 5691197 68779287 33183095 61437471 15494163 333147 25157177 100409660 7195138
25307057 156137846 13184479 31312792 83379810 12745232 17484894 108627538 21389875 53515098 29120650 30290712 79197516 30429834 7297121 40743048 16270791 21040367 2277172 56324786 248253159 16984604 9023963 96496074 10565276 152071517 3651271 2803277 112583526 87082570 44874489 41013572 48336600 12654718 33823355 137035955 42541170 12642616 33459722 12416756 9018652 22998340 36214858 10994249 58488048 43716284 22831961 83584641 161185336 67749763 50762164 23627116 23157198 12990612 4723165 42996481 33015699 65187339 2595534 118758675 11719547 42174840 72958476 1076194 260142933 119753178 105564377 1726340 34358052 14029173 89636330 23979894 44573994 81564819 66999989 57648898 179379214 5633211 46942287 19042281 80967414 65088001 1530477 21279052 148615901 34164510 44923195 61323640 143970406 21447980 10505059 51820445 18116041 26403717 16993970 11047387 525304 57081392 93765590 657041 75917444 53533371 66946499 113651787 11962605 188760418 60331650 127191818 105847073 56973775 34100873 14354011 25740644 24626134 11480664 1430948 17260024 20687292 101743876 5691197 7246567 33183095 73033190 9936774 333147 160678947 128134414 17297813
25307057 90765282 13184479 10127688 60567685 3766471 4574109 7752961 19732660 15916153 5386105 21263790 978533 60243568 185660087 110928 33948655 21040367 3942631 2452972 50053353 62445198 4212015 86407323 10565276 83929890 3651271 10555134 34580039 20656453 51379464 30547793 10794924 25605160 33823355 46547183 42541170 12642616 47801243 21510207 88399414 22998340 10570810 10994249 58488048 63894090 10155181 63329124 39446 86541008 10331276 9575449 8032091 12990612 42003396 20152088 64890969 65187339 5013692 7727822 28604871 7797158 18481698 639744 2240352 10394921 15569611 1726340 34358052 14029173 9143313 23979894 89070434 53448141 3630710 31675416 118713085 35719603 1889812 1891760 7496460 6866459 1530477 46468038 29075931 26293371 75167144 98350837 83178318 31631278 10505059 47909979 4993638 10737561 16993970 11047387 525304 43637846 17380774 9603271 107292353 1612961 3734865 145515804 11962605 67413789 75116546 72611735 17106983 45996548 44966366 14354011 60128357 95693583 76418224 26560855 9353080 33196341 9701078 73748548 44584326 181717851 83230881 42116383 333147 634538 12400492 7195138
7802148 20916473 13184479 10127688 489746 3766471 36656871 7094702 56920750 27470127 80993208 20752637 30437969 31530469 12516798 77952756 8323503 14928827 495536 2452972 21689838 39884000 4212015 27573323 9685356 12761519 3651271 38230921 127723467 43809909 49586604 23199444 10794924 34187238 15409887 15454990 42541170 12543763 22888321 28361234 48060875 949181 32891874 10994249 14182174 25594832 22831961 11453726 109911081 5237479 25215551 39061245 8476056 39235114 10808626 14144560 59362181 24579468 20031371 25135066 26712203 7797158 14563262 639744 34778218 42222462 9796199 1726340 34358052 7336867 15568912 6275280 29843332 1137316 13435335 61560173 17119519 39517679 24773281 19042281 39369846 16041335 1530477 46468038 29075931 26293371 45893232 6708668 62065284 31631278 10505059 38107613 51940969 2378059 26032187 11047387 525304 43637846 8073821 5408768 23501009 53533371 38405348 24525915 50529383 67413789 36300009 4342883 10609440 94674512 42391211 14354011 27586020 63958582 42485265 27413948 9353080 70327229 26402681 27912565 116331093 33183095 26543951 6715885 333147 924313 34843373 2405612
25307057 60846274 13184479 10127688 70972886 12745232 70660080 166345275 56920750 42287965 86101458 3246867 12702596 60243568 185660087 23675529 165595761 21040367 324371 79851102 50053353 77665613 52348915 27573323 23574465 19049009 3651271 2803277 15748529 830100 49586604 68925280 34397746 12217976 33823355 15454990 531394 12642616 91444066 28361234 8693608 18685125 38558170 10994249 58488048 265085659 67165275 94669343 17381025 95211786 50762164 19455041 8032091 566964 14504135 56647704 7325136 65187339 37450946 123663484 11926206 31268806 18481698 18422277 28953580 10394921 15569611 82595323 7769946 14029173 454202099 23979894 44573994 133195999 13435335 95751201 17119519 18217551 29808812 19042281 76254131 50300872 1530477 36235947 17831195 34164510 192456386 113718613 143970406 31631278 10505059 42771134 52130229 26403717 377017209 31642448 525304 43637846 5141649 23843410 75917444 64539980 46436177 101832405 50679498 75300807 107133845 128093042 17106983 37620500 12557386 11846597 45194725 122082491 138107944 92713001 17260024 24270063 9701078 73748548 39462915 33183095 105971546 24735744 333147 104809721 75682362 7195138
