25307057 62454927 36478118 24766192 1868056 12745232 160689225 21861454 96457424 256960774 96537563 117832563 236483 2507509 185660087 34122216 30958725 8728276 22218893 117433863 176802299 52348299 26202121 27573323 118813739 12426897 3651271 74111278 149731336 25445883 25226387 129034955 6919521 35038240 15409887 34661865 42541170 12642616 20522068 41776538 88399414 22998340 37458697 10994249 58488048 25950560 22831961 63699441 12551448 7881288 50762164 6737576 31534853 73691248 19197210 159768576 67124297 17170549 129553852 8557669 46651506 7797158 72958476 639744 96844878 37029247 116939858 40073835 85096318 14029173 88368610 44278401 3257363 92798575 2340465 36693107 31139230 57001644 46942287 19042281 62638233 65387561 1530477 46468038 6558744 27963670 34076539 93001509 73523564 9547829 10505059 29060417 52130229 26403717 26032187 232428986 525304 250905715 131482089 32585371 1057020 94385952 30068325 3136695 44750856 52826067 43925626 147748413 105847073 76833131 8553702 14354011 335109602 122082491 207933997 26560855 27163352 10140183 15375035 124730555 22945357 318152041 37292664 185909872 35823904 38768208 51647069 94807891
25307057 60846274 5197298 81152968 125816887 7136583 121759699 134576869 42014630 124354482 25791193 2757475 48523310 38843218 147814790 43215561 8323503 21040367 495536 2452972 32608266 56996426 145626251 27573323 118813739 107719224 3651271 42856167 43063907 68155280 95827748 129034955 12752528 70647555 15409887 37885013 42541170 12642616 2648421 21510207 73606320 22998340 21902027 10994249 12983347 25594832 22831961 26096331 17057576 12631220 1213363 23627116 15999458 126725316 26048431 56647704 50275560 65187339 37450946 25135066 11719547 22378755 18481698 639744 28953580 23289999 15569611 51605778 34358052 17097429 89636330 69789378 44573994 9990529 14849967 27613905 6704911 57001644 46942287 19042281 41716471 11854821 25516693 3817576 134363995 6810476 36579090 107881715 79898713 54406051 10505059 47909979 92914340 26403717 54522347 10082685 525304 161328110 17380774 30479784 89439464 12409772 37010980 153703298 50679498 80530864 1433955 1833124 17106983 30532387 8821333 65402606 31595490 47681866 118974943 79354060 11205519 80463974 29973046 49883072 4851042 145073455 83500532 9936774 41866856 924313 76318501 7195138
25307057 132386398 13184479 43208736 130246071 12745232 41144296 134576869 19732660 74719064 25791193 21263790 978533 60243568 185660087 58620340 33948655 80989845 3942631 2452972 32608266 62445198 181192175 25917929 10565276 107719224 3651271 109683303 9592355 68631813 49586604 129034955 60857595 50782125 33823355 29117489 41035140 12642616 21253027 12833290 88399414 949181 79524766 10994249 58488048 63377387 13243896 35729452 140705999 2649287 96367398 23627116 15999458 32040102 77475343 56647704 11884709 5566806 73899298 123663484 11719547 7797158 18481698 639744 28953580 10394921 15569611 184790078 34358052 14029173 15568912 18317134 44573994 92798575 99847031 30146967 22681292 57001644 46942287 19042281 80967414 36181218 1530477 17522956 63927898 34164510 34423398 31180241 28342002 31631278 10505059 1896021 19123433 26403717 26032187 47119503 525304 132386760 66156252 25002800 54193287 1612961 3734865 113651787 50679498 67413789 1055109 13429179 17106983 45996548 65117761 14354011 116309472 122082491 118974943 26560855 27163352 7191215 9701078 9031436 116331093 179844663 61437471 9936774 333147 634538 53309237 7195138
25307057 22236352 13184479 4639359 59873207 12745232 17968304 21861454 4625899 31113996 78593806 157083995 978533 2507509 38402251 136647643 33948655 21040367 22218893 2452972 32608266 39884000 25455312 2215595 31638311 8060425 3651271 62992169 110001238 48551330 5804463 31601492 6919521 44638705 15409887 19523514 87890603 5451089 20522068 12902880 537621 22998340 37458697 10994249 8887445 18290164 10155181 88329658 32312024 17685996 50762164 6737576 1704005 73691248 18828718 56647704 58023042 65187339 68542848 25135066 64657009 123460076 13502449 639744 54499212 6426421 153828980 1726340 34358052 14029173 18820445 1127723 27024264 1593635 34509554 11569238 57118894 41189854 34429946 19042281 5773856 17715920 1530477 5255830 62667610 12213438 86638268 122026186 38042837 31631278 10505059 47909979 4453606 26403717 32907912 63495780 525304 43637846 66156252 142664559 27760642 128279081 3734865 130134595 5996934 52826067 135749155 31913017 12138914 37620500 86030890 14354011 45194725 9458629 177961503 13651622 6256070 73912660 26402681 73748548 72911432 33183095 37292664 67208904 333147 73991092 51647069 7195138
25307057 49308599 7787371 4639359 1697416 12745232 62630658 32222110 19162425 46259306 61761777 38753552 978533 60243568 91435830 159649497 8323503 14928827 23176980 2452972 58278269 62445198 25455312 30300967 10565276 3859574 3651271 75150734 3962382 38701711 34640093 41013572 18916988 44638705 15409887 32556167 10829913 12543763 47801243 1548359 20105540 22998340 5235585 10994249 58488048 25950560 10155181 35729452 161185336 7563117 33704255 5041457 31534853 13658023 18828718 34751556 58023042 24579468 107393424 24878296 28604871 7797158 13502449 639744 96844878 6426421 12212761 1726340 34358052 14029173 15568912 73481097 29734872 92798575 98293197 54971471 71190044 55909980 46942287 19042281 62638233 17715920 1530477 33473353 78942875 26293371 59369829 16688503 73523564 31631278 10505059 29060417 52130229 26403717 23128318 44020134 525304 43637846 88141859 5935994 26128484 12409772 3734865 113651787 28399035 67413789 64551008 64077622 12138914 45996548 44966366 14354011 60163813 47442142 118974943 13651622 11205519 14731618 8002705 49883072 116331093 6850379 26543951 13790828 333147 73991092 100354209 7195138
171136 123851246 13184479 31312792 24129345 12745232 45855789 21861454 19081556 42287965 47178068 73563435 4829201 2507509 3411711 90120262 3981988 44193260 4583727 49656573 37154168 28908121 26202121 35950919 10565276 2470502 3651271 15339882 45998582 91804719 49586604 45553747 6919521 12654718 21256902 15454990 49815654 22328136 2648421 41776538 68924174 18685125 37458697 1178131 58488048 201047214 43905174 35729452 79945968 2649287 41377161 6737576 13231883 51706658 4723165 56647704 37961991 40893610 18685279 123663484 11719547 123648894 18481698 639744 126935644 73573759 25789880 1726340 34358052 14029173 88368610 61803817 44573994 116973731 13435335 64261542 5138317 57001644 2963552 19042281 104240230 76551291 1530477 57931050 6558744 34164510 90142090 59916353 17297688 31631278 10505059 47909979 4453606 26403717 17432647 47119503 525304 99518324 93765590 6641461 90113555 16408738 30068325 36169029 50679498 52826067 124098444 13429179 46320946 76833131 71739493 14354011 2096999 84827614 83802578 27413948 17260024 24270063 141611654 49883072 48425795 33183095 37292664 9936774 333147 160678947 12734128 7195138
25307057 324410391 85449535 81152968 130246071 503046456 192841111 134576869 360672585 27470127 123417832 254284830 978533 2152037 175004351 134433718 70817828 396895439 287461672 117433863 198509097 112664305 370687020 274448739 163750507 412141638 3651271 320564985 546435191 38701711 43001263 526914928 54371402 77636462 33823355 76042869 638822967 215715107 387494557 41776538 88399414 22998340 162112014 10994249 58488048 265085659 35594242 94669343 179190894 277328167 64517681 69986434 31534853 126725316 375678113 439178378 316081573 229445482 426649275 25135066 136033854 123648894 79527872 639744 682935046 613706046 511586811 220409905 34358052 79102703 121027749 302833142 29843332 266554708 113667765 61560173 252698699 57001644 46942287 19042281 169434539 66024841 340780274 46468038 596864859 230570153 373446856 122026186 143970406 102655983 10505059 47909979 232888755 26403717 301928474 74419806 525304 494945263 147583479 146433590 75917444 83859279 3734865 32825289 1327087 109172332 675073493 633026153 39989206 280972808 152786592 416939756 388690147 122082491 268425406 346716643 76474386 29444054 179709463 124730555 116331093 228725716 500907786 13790828 79634914 60001455 603945174 17297813
25307057 64495789 13184479 7133422 1868056 8545765 27886755 13519857 16089733 29667783 42639854 38753552 27115786 2507509 45618663 28630812 9155976 14928827 4583727 30894791 11285179 4746177 25455312 4907306 9685356 19049009 3651271 74111278 42581868 1077159 49586604 18448384 6919521 44638705 15409887 51044122 42541170 351045 16707827 1548359 9018652 22998340 21902027 10994249 14182174 25045324 22831961 49832604 137535307 7563117 1213363 6737576 15999458 12990612 19197210 56647704 49048942 44862946 194593773 7727822 64657009 7797158 16783468 639744 28953580 10394921 15569611 10166145 34358052 7336867 7624649 14662314 27024264 1137316 34509554 25083098 57118894 8024822 2481391 19042281 73136182 65387561 1530477 40496438 6558744 6810476 99631473 16688503 36369379 10947694 10505059 36396772 16873721 26403717 20007320 25711440 525304 10246787 4397634 11956399 31757549 9305405 30068325 113651787 14358965 52826067 9238479 4863483 12138914 45996548 29751610 14354011 2607330 19239628 184353902 341616 294428 11909961 9701078 15022866 3624144 6850379 32085309 22883355 333147 7913794 51647069 7195138
25307057 68157095 13184479 10127688 25977614 9005141 9658563 57256952 17418595 15916153 78593806 13739678 978533 22542142 46526307 10493831 10169647 21040367 3942631 31444529 9504163 62445198 52348915 11720078 7880079 19049009 3651271 2803277 27547741 68631813 10649237 25153288 48336600 44638705 15409887 36182597 36115168 12642616 47801243 1548359 4770683 22998340 5235585 10994249 14182174 25045324 1559309 88329658 27315407 64845081 79867739 17549493 15999458 12990612 13973927 56647704 35817613 8554106 73899298 7727822 20686970 7797158 18481698 8734879 25534318 53133 7590338 10166145 13563902 7336867 9647442 14662314 27024264 18739391 29208139 61560173 54557916 15564111 36442441 1891760 62638233 23780590 1530477 33473353 13292636 27963670 52064896 15392655 17391524 10947694 10505059 41296607 16873721 26403717 26032187 47119503 525304 10246787 5141649 23843410 75917444 1612961 3734865 9525857 50679498 50750034 9238479 25348046 17106983 45996548 30586562 14354011 79524838 13437134 109648018 10651469 27163352 11909961 26402681 15022866 4851042 34591551 7028556 124905980 333147 18314621 4361437 7195138
799952 14410750 1494278 31312792 12117371 12745232 43681110 76417199 56920750 53515098 86101458 57106140 15015929 40897245 89770486 55444303 61095748 33129684 30881930 117433863 7327030 112664305 181317322 27573323 118813739 44927843 3651271 42465004 82808158 35139609 43001263 29383042 54332702 44638705 33823355 49976679 20635470 12642616 91444066 24506221 26639431 2572501 318750 10994249 24914202 60132306 22831961 45119693 46674701 48286807 21442131 69986434 15999458 5379594 59093605 213799703 118058438 65187339 109522322 25135066 5917412 12716220 69566792 18422277 1995120 98555102 15569611 1726340 3351193 14029173 89636330 95749280 70466552 34873203 14849967 61560173 65191483 38042027 46942287 2065029 14950221 66024841 1530477 46468038 7510173 3019997 75167144 104083857 128329548 31631278 9670002 5018778 52130229 26403717 37025389 20477346 525304 7821844 93765590 215869233 75917444 53533371 173124482 32825289 46775962 115105956 70763181 28400006 17106983 94674512 38865723 14354011 31595490 21553205 108637576 31766385 27163352 16133074 149013696 6210670 116331093 33183095 151346007 50378491 333147 924313 89165522 17297813
32184365 134084272 13184479 24160978 1868056 12745232 43681110 21861454 56920750 6196322 92324269 168012045 8769601 60243568 79876633 57885213 32668428 72722152 22218893 24611985 7327030 112664305 23128378 4907306 43357195 14684422 3651271 38230921 14799785 91804719 11330906 19952968 128865946 91918047 33823355 30337734 22189002 215715107 897633 41776538 29513133 22998340 318750 10994249 58488048 72572579 35594242 16739789 12551448 29941366 22638957 6737576 31534853 126725316 15300264 56647704 37734115 15269390 70653456 25135066 63648451 19920676 18481698 18422277 84505962 189488040 36345193 10239746 1159000 7336867 88368610 283063562 19238220 54332573 9926118 25754237 171604208 57001644 46942287 2065029 11050417 10575187 1530477 24216855 25390362 9700473 36045854 102561112 19659980 31631278 10505059 27864868 16873721 26403717 123578117 87191701 525304 19414064 226320417 32585371 26128484 51653638 30068325 3136695 63355576 7880492 48468141 127256729 10878302 30717310 59080319 14354011 25740644 122082491 197847293 76708615 76474386 8546323 19411598 39845873 116331093 35847596 33750771 156184474 333147 39845646 55034387 7195138
130394466 330576719 534463284 81152968 305279386 12745232 42820937 76417199 103058441 71190622 2040161 69975359 171287453 214988170 323705677 346077118 137422536 14928827 594172358 117433863 7327030 115946172 90724116 140934000 118813739 103288003 113431928 41984871 105624743 91804719 131192657 227778861 435332760 2265517 255728084 161147775 175985518 12543763 387494557 187596285 88399414 574320588 147061820 10994249 55250810 485305970 1295398 657999724 297924394 633374950 81478858 296577878 31534853 698979289 320885728 222205530 111751260 65187339 69326865 38677143 65413674 123648894 468786980 18422277 230702873 92820744 652166331 189344520 299980525 47859585 327248212 704437372 118463117 137005738 587647540 373309032 54614910 57001644 46942287 2065029 554042877 382728667 25516693 73190998 971675678 1351402 744819545 169561454 96416604 441225064 10505059 155052559 467965720 26403717 31900160 256933975 525304 82531548 205191798 434298995 26128484 295843768 771323385 564814793 115697408 71705591 552459025 335307738 169954850 149729746 152786592 62543456 148407520 26686533 312950366 212474890 506847844 33196341 99168958 124730555 68779287 304470862 276799675 261546332 244979057 74209826 162564257 94807891
11620388 188807204 13184479 10127688 11166393 5227896 39518510 168494907 13863367 42287965 25791193 21263790 52820306 60243568 42731578 23675529 140258733 59166662 23176980 79851102 31642479 62445198 52348915 27573323 10565276 8060425 3651271 38230921 27767680 20656453 17442857 94171681 54332702 44638705 33823355 92765227 30247338 49211110 22888321 28361234 4770683 1149973 36275927 10994249 55250810 34663714 10155181 8546324 73744928 95211786 50762164 23627116 31534853 28704027 46926373 97328466 37961991 24579468 31485026 6171101 11719547 112524500 51780561 639744 66464428 8304383 77895637 40073835 7769946 14029173 9647442 61803817 36154203 27071476 29208139 94414354 23512380 57001644 29808812 19042281 18631035 30728917 1530477 33473353 3546525 27963670 86638268 47233813 73523564 31631278 10505059 41296607 19123433 26403717 32907912 39468548 525304 43637846 84866263 657041 10953504 53533371 37010980 32834541 50679498 51787735 1055109 15616098 80489416 72548051 12557386 1879632 124805475 47681866 151100472 5189076 17260024 10140183 33168778 71015624 4981113 24981493 26543951 15494163 333147 25157177 42988430 3581849
5876842 60846274 34535533 50329658 125816887 3766471 46618204 104966133 66191506 47536099 80993208 29444805 8769601 60243568 45618663 79788970 8323503 21040367 3942631 49656573 32608266 62445198 4212015 35950919 10565276 19049009 3651271 74111278 34580039 68631813 49586604 20611320 10794924 44638705 52955576 32556167 175823853 5451089 22888321 1548359 20105540 18685125 68315270 10994249 10370632 84725279 10211956 38117314 19953549 95211786 1213363 20448712 31534853 163957378 79152063 56647704 117969175 65187339 18685279 14333510 11719547 7797158 18481698 18422277 58731207 10394921 36345193 1214311 17630691 14029173 18820445 18728028 44573994 64533623 30180514 61560173 26228923 57001644 46942287 19042281 230729 30728917 1530477 46468038 13292636 6810476 75167144 4095465 79898713 189969156 10505059 90798279 14326384 26403717 19975656 10082685 525304 176875408 5141649 45228631 61108067 1612961 110063125 113651787 37524066 50750034 27894746 1833124 37304169 68070395 152786592 14354011 81081698 96504366 46721059 618915 9353080 28639394 9701078 49883072 75765173 91991732 83500532 15494163 38519327 78618809 42988430 7195138
25307057 220660038 1494278 37359178 141792690 92713624 192841111 134576869 217059630 140516216 96537563 267848141 79197516 60243568 185660087 13972055 457341825 21040367 495536 2452972 642921290 112664305 377605013 216789262 411282645 62661659 3651271 42856167 488700212 91804719 110761039 118950136 48336600 70710446 33823355 588886615 87890603 12642616 91444066 41776538 88399414 22998340 143479835 10994249 58488048 84966400 35594242 221777232 168456209 12631220 50762164 69986434 31534853 126725316 150686984 159768576 330462001 173729340 426649275 25135066 257710500 406536556 72958476 18422277 211153901 288805913 105564377 40073835 76720517 14029173 452520461 61803817 52119408 260349090 225398724 61560173 255623906 18217551 46942287 90361038 362045903 180428764 1530477 46468038 162497309 797470799 137565924 122026186 73523564 189969156 10505059 41296607 52130229 31515381 178153040 113218494 525304 97773411 126360695 23843410 75917444 132820310 127817669 232911114 63355576 115105956 152276919 633026153 82184432 356526164 30586562 14354011 448826342 122082491 66255874 21387579 27163352 260281265 284067280 124730555 116331093 283395008 111758508 873155 79634914 73991092 85682386 17297813
13561161 68157095 1494278 37359178 78511156 12745232 1399829 39837975 66191506 53515098 78593806 72209866 978533 38843218 97401798 39005895 8323503 186853798 19255214 117433863 50053353 18077783 43187139 107285926 23574465 105978672 3651271 38439432 132894600 43809909 49586604 92081235 18916988 12217976 31729740 57773461 42541170 36907999 25748146 21510207 4770683 18685125 38836354 10994249 58488048 63377387 15681294 3761101 27315407 95211786 1213363 20448712 15999458 12990612 23812288 68462468 7325136 42245718 39877518 7727822 11719547 7797158 5162433 8734879 28953580 177434668 15569611 1726340 34358052 14029173 15568912 61803817 27024264 27071476 30180514 48976978 24838795 18217551 34429946 19042281 73136182 17715920 1530477 3817576 15084638 6810476 4605918 16688503 38042837 140947268 10505059 1896021 16873721 26403717 26032187 38909838 525304 97773411 176681377 275299491 75917444 1612961 3734865 69525999 63355576 34176990 54578504 72616918 17106983 45996548 137599319 14354011 41657191 19239628 109648018 27533256 76474386 13288898 85479121 49883072 39743243 55954928 49321425 15494163 33575358 137288258 5651990 16613585
25307057 186488636 13184479 25716779 141792690 12745232 41110479 21861454 56920750 27470127 23682758 154914899 79197516 2507509 80467023 169203855 16853472 21040367 22218893 117433863 22203797 17699290 26202121 225330139 118813739 107719224 3651271 53564187 215567580 46729682 108139316 129034955 6919521 89659124 4134210 32556167 42541170 12642616 20522068 21510207 48304921 22998340 37458697 10994249 58488048 25950560 12519816 94669343 168456209 95211786 50762164 6737576 15999458 73691248 77475343 56647704 35817613 20014423 2595534 7727822 85699043 42174840 18481698 639744 28953580 47689911 12671820 40073835 34358052 14029173 15568912 51602334 27024264 44666007 98293197 6293665 153156625 10001869 46942287 19042281 80967414 23780590 1530477 12514459 62667610 24375973 51718350 2755722 1415293 10163626 10505059 41296607 16873721 26403717 106448672 74419806 525304 215818464 8378414 97141871 106018825 64539980 30068325 84963230 50679498 86109224 5969938 25348046 17106983 71822832 86030890 14354011 100634087 5566258 154890939 56648193 27163352 4800034 99362701 73748548 55835521 23980959 37292664 61804304 333147 1447699 22815214 7195138
