25307057 46832713 13184479 10127688 30085570 4041277 51303813 21861454 21697405 5011980 10967763 23004782 8769601 23117531 61066598 23470518 152210837 21040367 495536 2452972 50053353 30708700 1995183 22676280 24625300 78611100 3651271 38230921 11445412 91804719 49586604 106776281 9555136 44173560 33823355 15454990 12919944 12642616 7176766 41776538 2115451 8601071 21902027 10994249 58488048 35327764 22831961 26096331 2876414 12631220 1265966 6737576 15999458 19251391 18828718 34751556 240145667 65187339 26889552 7605901 5172686 7797158 18481698 639744 28953580 75703294 15569611 2959652 7769946 14029173 88368610 14970373 27024264 18739391 13435335 6029652 13862978 57001644 46942287 19042281 80967414 132821065 1530477 3817576 17831195 34164510 173620355 45951910 53130299 1398102 10505059 29060417 16873721 2378059 4252776 39468548 525304 43637846 84866263 5408768 6591824 53162769 7983552 37302662 26180088 48995151 135749155 129422138 17106983 3884092 42391211 808716 24512866 63077518 2910695 18196373 27163352 65378069 29973046 15022866 15048002 21478438 37292664 25086720 333147 15305120 55034387 7195138
11620388 38308569 13184479 31312792 1868056 5227896 54879282 7752961 24514381 42287965 25791193 2537007 978533 30429834 112331405 52804532 12959931 10092111 495536 2452972 59730954 28835973 1995183 22676280 9685356 72848331 3651271 42856167 132894600 43809909 105998286 30612464 34397746 27028186 33823355 15454990 38433635 351045 66535980 41776538 88399414 18685125 11178568 10994249 58488048 118371802 22831961 94669343 32320992 5237479 51272400 23627116 6896559 39235114 95912 56349515 52261540 5566806 26889552 1895617 10487552 7797158 14563262 639744 34778218 61944574 25789880 10239746 18680976 14029173 12373902 6275280 12602546 1137316 5216402 57037987 24838795 57001644 35208246 19042281 80967414 23780590 1530477 46468038 17831195 65799050 8252532 113718613 17297688 6255539 10505059 4105657 52130229 26403717 17432647 35740991 525304 14826881 16866890 68366365 89439464 20782590 3734865 76939731 50529383 67413789 12025196 64239091 37456384 45996548 126160143 808716 31595490 122082491 41703298 18196373 294428 15060659 44717771 69083974 8179792 33183095 52182823 15494163 333147 924313 12734128 3581849
7802148 62454927 81099662 25716779 61307765 12745232 75406246 21861454 60569727 42287965 5386105 9989749 8727534 2507509 61066598 104747425 30958725 14928827 324371 2452972 222067759 28835973 26202121 25917929 10565276 12426897 3651271 38230921 149731336 830100 131192657 20983666 6919521 52473952 31729740 116599755 36754161 12543763 20522068 41776538 88399414 22998340 37458697 1304720 30093416 75581241 22831961 128060230 131693360 7881288 50762164 6737576 25137024 34820669 77475343 56349515 133865654 65187339 31485026 7727822 28604871 7797158 18481698 639744 21542479 47689911 125111014 39765831 34358052 14029173 88368610 39362831 41380029 176478046 2340465 20506196 195196299 3300704 46942287 19042281 80967414 12852549 1530477 46468038 17831195 24375973 173620355 106145519 10054011 35131486 10505059 51413788 52130229 26403717 20413035 47119503 525304 71097120 147583479 68366365 4289706 94385952 30068325 160000274 49199522 43697449 5969938 64239091 105847073 45996548 86030890 14354011 100634087 69716889 319949545 8714253 27163352 102651175 99362701 7024962 116331093 24981493 37292664 61804304 79634914 31447473 55034387 7195138
25307057 94539172 1494278 37359178 1697416 3766471 4574109 37427668 66191506 47536099 16334147 21263790 4829201 60243568 121470719 14191890 33948655 14928827 23176980 2452972 133393885 36475129 4212015 11720078 10565276 3859574 1328245 74111278 95561950 50994821 34640093 129034955 5398487 23358658 15409887 34661865 6448356 12543763 31917951 1548359 20105540 49685976 24074876 10994249 14182174 25045324 1295398 38117314 44749788 70215624 50762164 23627116 31534853 39577930 66858040 88989564 3538586 24579468 11311793 14333510 11719547 22378755 47706506 639744 17609717 6426421 12212761 1214311 16667829 7336867 7624649 14662314 29734872 69836605 69421556 76865966 40122623 15541717 28524973 19042281 22273856 11854821 1530477 38638741 89237470 7046953 279925121 23882540 73523564 10947694 10326809 29060417 52130229 24621850 50636526 47119503 525304 66810352 5674310 32585371 117488214 104313101 37010980 41516428 2711556 81831463 9238479 13510617 10878302 95994621 87345587 14354011 148407520 47442142 203674168 10651469 9353080 10140183 19302769 3788776 4851042 10486447 26543951 13790828 96994057 73534332 12994440 21289874
23339507 122906889 1494278 10127688 62307309 3766471 41144296 25101055 21697405 15916153 5386105 21263790 4829201 60243568 6415805 214916807 10134115 14928827 23176980 60858531 21689838 101400791 4212015 30300967 54246890 24403809 3651271 59087357 119619918 91804719 49586604 30547793 10794924 23358658 15409887 32556167 42541170 12543763 91444066 1548359 20105540 949181 45470041 10994249 14182174 25950560 22831961 68148608 12551448 5237479 50762164 69986434 15999458 19251391 46827927 56647704 120254902 24579468 83158656 7727822 5172686 22378755 14563262 639744 28953580 23289999 15569611 21128799 1159000 7336867 15568912 6275280 70466552 18739391 9926118 34092812 79635933 15541717 46942287 1891760 22273856 54476066 1530477 30436279 17831195 24375973 15245144 98350837 68261326 31631278 10505059 36755983 52130229 11173529 43085331 87191701 525304 43637846 93765590 95197097 23501009 1612961 37010980 3136695 63355576 81831463 48773693 116942373 17106983 67197097 59080319 14354011 2607330 73485683 42485265 26560855 9353080 16133074 26402681 59654504 3624144 86643131 26543951 10275600 333147 74209826 12994440 7195138
25307057 9450473 1494278 37359178 275858723 12745232 32799767 6526239 13528128 42287965 25791193 21263790 52820306 2507509 91435830 104747425 33948655 242030254 495536 117433863 248253159 46689247 26202121 27573323 2123144 154713439 3651271 38230921 149731336 43630537 131192657 35572832 6919521 49093260 33823355 21836023 125180297 12642616 20522068 41776538 73606320 22998340 37458697 10994249 58488048 84966400 35594242 117398122 43182901 12631220 50762164 6737576 31534853 73691248 81751156 37776365 6257252 65187339 8598433 25135066 27878669 7797158 79527872 18422277 67048226 47689911 106102757 63537099 13103779 14029173 22688813 61803817 44573994 92798575 29208139 61560173 193034126 57001644 46942287 19042281 62638233 61811416 818301 46468038 17831195 27963670 94945890 113718613 128866648 31631278 10505059 47909979 4453606 26403717 26032187 7587559 525304 180401653 35388443 68366365 106018825 79310681 28682151 232911114 50679498 67413789 12025196 21896849 105847073 167142571 86030890 14354011 211991783 122082491 177961503 5940629 3207842 54921802 39303075 104594183 116331093 6394601 37292664 185909872 333147 147039612 41760103 94807891
23339507 231972810 1012722 31312792 25977614 12745232 85024905 6526239 13863367 47536099 25791193 21263790 121539531 50489113 75989223 5442019 7753237 21040367 30881930 162279458 5492515 46042705 181192175 22676280 10565276 24403809 3651271 65880680 34580039 91804719 64210178 35572832 48336600 6400241 33823355 13820506 42541170 215715107 22888321 1548359 20105540 22998340 72607702 10994249 10370632 103339238 12519816 94669343 12551448 95211786 4595182 23627116 15999458 31728187 46926373 101438736 35817613 65187339 8598433 1895617 11719547 7797158 33915543 639744 28953580 5310577 15569611 155464985 17630691 14029173 15568912 4995172 70466552 38330743 9926118 27613905 121165964 43884210 34429946 19042281 24071410 23780590 818301 6311735 56297182 76511597 99631473 104083857 52984891 31631278 12135679 32232213 19123433 14004865 24965685 47119503 525304 22913937 55212896 32328827 14547779 64539980 8856244 3136695 63355576 63521230 11271234 25348046 17106983 45996548 8263329 14354011 211690210 47681866 351165572 18196373 9865036 102651175 39303075 26070201 116331093 24309678 83500532 15494163 333147 61382186 22815214 16613585
25307057 60846274 13184479 25003553 30665755 9005141 75788177 6526239 56920750 42287965 25791193 21263790 978533 2507509 91435830 5442019 33948655 21040367 495536 49656573 37675508 52348299 26202121 22676280 2123144 49621500 3651271 42856167 23909840 79298365 49586604 35572832 6919521 44638705 33823355 16080485 9256830 12642616 2648421 1548359 20105540 22998340 37458697 10994249 58488048 189850795 12519816 53239987 43182901 12631220 4595182 6737576 15999458 31728187 46926373 159768576 35817613 24579468 8598433 45258848 27878669 7797158 72958476 639744 28953580 6426421 15569611 1726340 34358052 7336867 15568912 4995172 4233421 92798575 26904888 27613905 14233874 57001644 46942287 1891760 24071410 23780590 818301 57931050 13292636 20754028 90142090 104083857 68192863 11542398 10505059 47909979 4453606 20799026 24965685 41046619 525304 22716938 78250004 45586308 26128484 49311740 3734865 76939731 63355576 52826067 11271234 25348046 17106983 95994621 17159682 14354011 21140199 47681866 106630785 18196373 9865036 29444054 24568778 71015624 116331093 6850379 26543951 17655382 333147 7695832 22815214 7810179
32184365 100384027 13184479 31312792 130246071 9005141 69353034 6526239 36563039 5011980 25791193 21263790 978533 30429834 45618663 40743048 61366143 21040367 495536 31444529 248253159 39884000 34640939 27573323 10565276 107719224 3651271 42856167 62808774 91804719 68078212 68925280 48336600 89659124 33823355 41005946 42541170 12642616 2648421 1548359 20105540 22998340 68315270 10994249 58488048 189850795 12519816 100859830 79945968 12631220 88567488 23627116 8476056 5058094 14504135 56647704 35817613 5566806 8598433 1895617 11719547 7797158 18481698 18422277 223683412 75280922 21333021 139184361 34358052 9182195 89636330 21408447 39710019 118088119 53854563 57648898 73500944 39970985 46942287 19042281 80967414 65088001 1530477 46468038 13292636 34164510 182237465 104083857 124284824 31631278 60325222 36396772 4453606 26403717 26032187 24426597 525304 53269324 93765590 218634382 26128484 49311740 3734865 155325780 50679498 67413789 50941936 25348046 39989206 144828314 42391211 11846597 162533473 96504366 138107944 79354060 27163352 33459626 39303075 15022866 50267357 27802395 83500532 9936774 333147 46058541 22815214 7195138
25307057 231972810 1494278 10127688 30665755 12745232 27782237 6526239 56920750 8320398 25791193 21263790 52820306 2507509 185660087 77197648 43855627 28796781 22218893 80292740 37675508 52348299 26202121 27573323 442167 24403809 3651271 38230921 19196554 39385331 49586604 26013447 6919521 17286905 33823355 21836023 77508094 32148524 20522068 41776538 9018652 22998340 318750 1304720 58488048 84966400 10155181 100859830 12551448 63981367 50352202 6737576 31534853 31391330 14504135 37776365 14998874 24579468 8598433 6752447 84826234 7797158 18481698 639744 125185168 10394921 33048166 40073835 34358052 7336867 22688813 38591790 44573994 126706830 9926118 604362 172244987 57001644 46942287 19042281 62638233 36181218 1530477 36235947 26348953 27963670 34076539 39977966 61547269 31631278 10505059 4105657 52130229 26403717 9174678 63495780 525304 3406297 35388443 28791299 26128484 44450792 30068325 3136695 6082138 63521230 5969938 128093042 10878302 206519996 42391211 11846597 21140199 63077518 138107944 26021545 3207842 106595774 9701078 5691197 24421901 6394601 26543951 94570586 333147 49728064 18342688 7195138
13071310 139637031 1012722 37359178 97264538 12745232 24667844 6526239 56920750 35428255 25791193 21263790 52820306 2507509 185660087 5442019 12036470 14928827 19255214 43484263 31642479 1967161 26202121 22676280 2123144 36143119 3651271 38230921 34580039 34021862 11330906 30612464 6919521 44638705 15409887 16080485 42541170 12543763 3904781 12833290 73606320 22998340 37458697 10994249 55250810 25950560 10211956 38117314 26113853 70617231 9026967 6737576 31534853 19251391 62284180 31585390 35817613 13942918 8598433 14333510 27878669 12716220 18481698 639744 20378303 48207776 76900304 1214311 13019846 14029173 9647442 61803817 44573994 92798575 98293197 30146967 55077857 41189854 46942287 19042281 24071410 73840858 1530477 6311735 29022299 34164510 47101925 15392655 73523564 31631278 10505059 12398049 14326384 26403717 2641733 41046619 525304 19414064 1168472 25002800 26128484 1612961 30068325 42514211 12690030 31160684 54578504 25348046 47737602 45996548 28341236 14354011 25740644 27711393 10272036 18196373 27163352 33196341 8002705 5691197 24421901 577250 37292664 61804304 333147 74209826 5651990 7195138
25307057 46832713 50270615 6660046 30085570 4041277 27886755 21861454 21697405 5011980 10967763 23004782 6247353 23117531 21280646 23470518 8323503 21040367 22218893 2452972 50053353 30708700 1995183 22676280 10565276 78611100 3651271 38230921 9592355 52454349 44874489 106776281 9555136 44173560 33823355 6209932 531394 3270608 20452833 21510207 2115451 8601071 21902027 10994249 58488048 35327764 5742133 94669343 2876414 95211786 1265966 6737576 15999458 28940936 13791106 56647704 151089735 65187339 2595534 1108540 5172686 34021208 18481698 639744 28953580 6426421 12671820 2959652 34358052 14029173 40824056 14970373 27024264 18739391 13435335 6029652 56518159 41189854 34429946 19042281 9057749 94271397 1530477 1791382 17831195 24375973 34423398 31180241 25504259 2923775 10505059 29060417 12746201 2378059 2461488 26516015 525304 98479 27359501 5408768 6591824 359205 7983552 37302662 26180088 48995151 5969938 32299509 12138914 3884092 8263329 808716 6820192 19239628 2910695 18196373 27163352 20687292 29973046 15022866 15048002 21478438 37292664 25086720 19091969 15305120 55034387 7195138
25307057 70410320 13184479 10127688 1697416 4642707 27886755 21861454 42014630 31934344 86101458 72209866 4829201 2114491 11704040 14137725 8323503 21040367 22218893 105292267 6257634 514128 52348915 27573323 23574465 3859574 3651271 38439432 34580039 17357489 39608578 16935723 18916988 25806636 4134210 32556167 30247338 12642616 2648421 21510207 88399414 18685125 35644161 10994249 58488048 25950560 7625292 88329658 101580886 40619923 1213363 6737576 8032091 31391330 23812288 56647704 66352177 5566806 2595534 7727822 40221384 7797158 16440712 639744 2304109 61807293 7590338 1726340 18680976 14029173 7624649 21408447 27024264 116973731 34509554 32662532 13862978 10001869 34429946 19042281 43427074 23780590 1530477 73190998 17831195 6810476 4605918 9299875 17391524 1398102 10505059 1896021 12746201 25667244 26032187 70248969 525304 43637846 43652218 11421731 75917444 1612961 30068325 69525999 50679498 67413789 103061330 21896849 17106983 45996548 11366464 14354011 41657191 73485683 42485265 92713001 18110520 20687292 11591887 15022866 8179792 27802395 15939855 126250942 333147 46058541 4361437 7195138
25307057 14143097 50270615 81152968 38249090 12745232 2230704 76840491 60569727 74719064 123417832 9989749 42999441 60243568 185660087 39867633 10453054 14928827 98976457 2452972 37154168 62445198 90724116 27573323 10565276 62661659 3651271 38230921 62808774 91804719 115733242 57635847 60857595 235905192 33823355 127535286 87890603 12543763 75178221 37070958 88399414 22998340 162112014 10994249 58488048 75581241 35594242 57320899 39446 2649287 50762164 41605652 11476717 34820669 150686984 56647704 113411095 65187339 2595534 7727822 35595017 37026474 18481698 639744 28953580 14953226 1155304 127777567 34358052 14029173 55017059 39362831 39710019 63556916 99847031 50595160 178809213 41189854 46942287 19042281 62638233 12852549 1530477 46468038 134363995 27963670 131766926 169561454 104571748 189969156 10505059 90798279 43914595 26403717 30508516 47119503 525304 39545151 147583479 23843410 106018825 53533371 127817669 106306170 50679498 115105956 1055109 13429179 17106983 98119189 4071763 14354011 100634087 1675404 103040024 79354060 76474386 11020921 56035551 7024962 116331093 228725716 83230881 54729143 29715777 25157177 128134414 7195138
25307057 210973490 81099662 81152968 317239241 12745232 192841111 21861454 103058441 57767016 96537563 65906432 30437969 60243568 97401798 192326216 33948655 218459265 22218893 2452972 272975683 62445198 116940330 11342137 10565276 160011502 3651271 38230921 145278084 91804719 131192657 129034955 213297188 89659124 15409887 37885013 42541170 12642616 20522068 41776538 88399414 22998340 37458697 10994249 58488048 25594832 22831961 59915236 161185336 152082707 1213363 6737576 31534853 126725316 95912 189185363 226578215 65187339 81174092 109022549 64657009 37026474 79527872 639744 96844878 596514587 163245690 117195629 34358052 7336867 88368610 49624994 27024264 9990529 209506018 27613905 193034126 56373709 46942287 19042281 67827096 382728667 25516693 73190998 329552857 6810476 207060189 56276850 280571979 42330526 10505059 79415184 16873721 7699313 258863398 39928050 525304 433230094 147583479 183366891 305903084 132820310 30068325 130134595 63355576 81831463 102388412 321838190 80033629 91430799 17159682 210737662 119557217 95693583 251819665 26560855 27163352 33196341 44717771 124730555 5456287 54308798 37292664 107035408 79634914 73991092 55034387 18302090
25307057 22236352 13184479 31312792 1868056 92713624 192841111 63492951 56920750 74719064 86101458 139299112 79197516 60243568 175004351 104747425 62512503 21040367 61898119 2452972 642921290 62445198 242292921 27573323 10565276 209569695 3651271 8516796 119619918 91804719 5804463 129034955 48336600 58495579 33823355 34661865 87890603 12642616 82664474 41776538 88399414 22998340 195367555 10994249 8887445 265085659 35594242 53239987 161185336 95211786 123392067 69986434 31534853 39577930 81751156 159768576 60043694 173729340 132873837 25135066 46651506 123648894 72958476 18422277 398268353 16417600 283134266 40073835 34358052 14029173 109966557 252223288 29734872 266554708 99847031 25083098 31139230 15541717 46942287 19042281 22273856 132674791 1530477 46468038 127557081 2319043 414565153 169561454 73523564 9547829 10505059 29060417 52130229 26403717 258863398 47119503 525304 66810352 93765590 281695804 75917444 132820310 52040643 378321799 63355576 203802971 139771717 36837441 105847073 280972808 8553702 14354011 335109602 122082491 373101111 56032908 27163352 29444054 15375035 73748548 116331093 33183095 89728811 185909872 333147 41366699 128134414 17297813
25307057 85132127 1494278 12736657 1868056 12745232 4574109 21861454 66191506 8630202 25791193 21263790 79197516 44588215 45618663 77952756 15230103 21040367 4583727 2452972 50053353 98438411 94509957 27573323 23574465 107719224 3651271 74111278 97228115 3634036 49586604 105456 4106486 12217976 1392995 37885013 66718691 9155411 20522068 21510207 4770683 18685125 5235585 10994249 58488048 25950560 13243896 88329658 168456209 95211786 50762164 6737576 15999458 1137888 42003396 56647704 7325136 65187339 27475393 7727822 11719547 7797158 18481698 639744 28953580 57971962 15569611 1726340 34358052 14029173 88368610 23979894 2785921 15095114 99847031 27613905 17119519 5633211 24773281 19042281 22273856 21205984 1530477 46468038 24568794 132540543 5401967 97365970 74006636 10163626 10505059 24241532 16873721 26403717 26032187 79598571 525304 66810352 147583479 79565241 75917444 51653638 30068325 113651787 63355576 67413789 52880779 12626731 17106983 141493276 86030890 14354011 100634087 84517776 24125034 23572490 17260024 13288898 22092408 31264653 112596107 47053114 37292664 9936774 33575358 73991092 55034387 7195138
