6036591 132732893 13596527 12736657 1868056 12745232 70660080 2118319 37912860 5011980 78593806 29444805 9321392 18333186 89770486 40743048 8323503 21040367 10498559 2452972 14726524 62445198 7180144 16884435 9685356 19049009 3651271 38230921 51376495 1077159 44874489 68146466 13769604 43523446 9709610 26302500 6448356 2564115 345160 41776538 2115451 22998340 31906946 10994249 17335605 77000629 22831961 61866478 39446 95211786 50762164 6737576 31534853 13658023 19197210 56647704 37961991 44862946 5013692 25135066 28604871 23506131 18481698 639744 7198878 25604063 2723194 1726340 1159000 7336867 15568912 38591790 39710019 1137316 9926118 31675416 21212299 8704175 33221132 19042281 5773856 50300872 1530477 35534855 6558744 3152700 5657684 59916353 17297688 27296216 4116239 41296607 6358250 26403717 8281822 11047387 525304 50981353 5141649 32585371 26128484 71446633 30068325 3136695 2711556 34176990 5969938 12626731 39169694 126688400 59080319 14354011 11581792 19239628 40951625 68382857 17260024 10140183 8002705 39845873 29673427 44349684 37292664 9936774 41866856 43484022 12734128 6168637
32184365 17618345 59185686 42019362 1868056 12745232 4574109 52602435 36563039 10041554 83351850 151505246 27219897 78161309 208599484 58554264 8323503 21040367 21859596 2452972 73824878 16730249 15700022 4017642 10565276 50050627 8077761 4890856 95561950 91804719 49586604 57635847 18916988 17286905 15409887 155836039 87890603 12642616 25748146 21510207 8666279 49685976 318750 10994249 157261043 2168612 122368327 38117314 90985235 52535179 1213363 23627116 27089870 80927686 95912 56647704 216166071 65187339 18685279 7672044 11719547 7797158 18481698 639744 69540182 164449593 50403500 1214311 34358052 21438648 4435764 31677577 70466552 126706830 14849967 236158227 231378001 42427752 46942287 19042281 28528648 65387561 25516693 39179094 134363995 6810476 182237465 147754524 64740410 283304521 10505059 99880966 24835556 26403717 9174678 47119503 525304 108127261 5674310 26295262 73534345 138812540 133809328 10001192 44750856 67413789 103061330 22002212 30913729 93689828 152786592 77541783 31595490 82061995 236244102 23890089 16492813 10140183 6908497 49883072 38717126 54308798 83500532 15494163 29715777 924313 345792722 7195138
32184365 17618345 13184479 25716779 1868056 12745232 27886755 21861454 46909265 10041554 61761777 130806170 978533 60243568 80467023 61853982 8072171 14928827 3942631 2452972 50053353 514128 15700022 4017642 10565276 99420452 3651271 4890856 27767680 30830347 49586604 29611131 14415876 17286905 15409887 36182597 42541170 12543763 20522068 21510207 8666279 22998340 318750 10994249 29460219 2168612 22831961 49832604 79945968 26112684 1213363 6737576 15999458 39235114 95912 56647704 47130308 51674399 18685279 7672044 11719547 7797158 18481698 639744 18917145 8304383 15569611 1726340 13563902 14029173 4435764 31677577 27024264 92798575 14849967 34966892 36523502 8024822 24773281 1891760 73136182 23780590 1530477 39179094 3546525 6810476 17645557 21529180 1415293 25810441 10505059 15349394 16873721 26403717 9174678 47119503 525304 22716938 5674310 1335972 24955412 1612961 2554182 10001192 39898988 67413789 12025196 22002212 17106983 45996548 8263329 14354011 19811424 11151646 154265284 26560855 27163352 10140183 6908497 15022866 38717126 6850379 37292664 15494163 333147 924313 55034387 7195138
25307057 9469465 1012722 31312792 614432 12745232 47607824 9365538 13863367 13769167 25791193 21263790 978533 18333186 61066598 5442019 33948655 8351913 30881930 2452972 50053353 15212389 30890606 10726565 2123144 70479450 3651271 56311015 23909840 84279781 28700681 14452577 48336600 44638705 9393556 16080485 30247338 6546326 22888321 41776538 73606320 18685125 65751704 10994249 10370632 16557350 12519816 53239987 1353311 16044369 7385493 23627116 8476056 4354676 14504135 45920257 35817613 5566806 26889552 24878296 11719547 7797158 51780561 639744 28953580 6426421 12671820 1726340 1159000 14029173 9647442 14483268 27024264 92798575 34736415 55459608 79575310 5633211 23683780 1891760 24071410 7852216 818301 6311735 197006745 20754028 151336667 97365970 9551720 17969640 10505059 23003252 16873721 13209901 24965685 47119503 525304 22716938 14340888 6641461 33650224 27761777 3734865 5831168 57072107 67413789 73382200 25348046 17106983 68070395 15890495 1808650 23689316 16026452 99864122 8477236 9865036 28639394 1323925 1994831 41925634 24309678 47741445 15494163 333147 7695832 22815214 37250595
25307057 127722290 1012722 31312792 5953901 12745232 75788177 6526239 56920750 42287965 25791193 21263790 79197516 60243568 91435830 34266871 33948655 21040367 30881930 2452972 50053353 39884000 5214486 27573323 2123144 107719224 3651271 65880680 15748529 91804719 49586604 35572832 48336600 17286905 9393556 108223956 30873703 12642616 22888321 41776538 73606320 18685125 65751704 10994249 58488048 178828420 10155181 97607898 43182901 16044369 7385493 28356737 8476056 12990612 77475343 42647094 35817613 5566806 8598433 24878296 27878669 7797158 18481698 639744 28953580 85876235 15569611 1726340 1159000 14029173 18820445 38591790 44573994 92798575 40977543 55459608 10581468 43884210 39511423 19042281 24071410 116535000 818301 6311735 17831195 34164510 86638268 113718613 73523564 31631278 10505059 36396772 4453606 20799026 9174678 70248969 525304 77976283 14340888 6641461 73534345 64539980 28682151 5831168 50679498 67413789 12025196 25348046 5054040 45996548 42391211 14354011 82424545 122082491 154265284 26560855 9865036 28639394 1323925 73748548 41925634 6850379 52182823 139992690 333147 73991092 22815214 7195138
25307057 46832713 13184479 31312792 25977614 12745232 4574109 9365538 36563039 47536099 69977965 123304315 978533 46633980 185660087 14137725 22825236 21040367 495536 2452972 31642479 52348299 30890606 27573323 2123144 24403809 3651271 2803277 27767680 30793941 49586604 129034955 48336600 44638705 9393556 15454990 42541170 12642616 2648421 1548359 20105540 18685125 72607702 10994249 10370632 25950560 12519816 100859830 12551448 12631220 49794506 23627116 15999458 28704027 49323520 79382463 35817613 5566806 16845068 1895617 11719547 7797158 33915543 639744 28953580 10394921 9355128 40073835 16285441 14029173 10232157 18317134 12602546 128402046 9926118 30146967 43544016 35719603 24773281 19042281 24071410 23780590 1530477 1674076 29022299 165866406 30759732 80592907 73523564 31631278 10505059 4105657 52130229 2378059 26032187 47119503 525304 25612711 66156252 25002800 10953504 49311740 3734865 3136695 39837243 24783028 55734127 21896849 17106983 45996548 59080319 14354011 100634087 48472190 173207653 76737206 27163352 28639394 8002705 42598314 39462915 16419135 83500532 15494163 333147 7913794 17695055 7607593
25307057 9940153 1012722 31312792 97264538 12745232 106011372 21861454 56920750 47536099 25791193 21263790 79197516 38843218 61066598 62329676 52506568 21040367 22218893 99483442 32608266 77665613 7028942 27573323 2123144 121533243 3651271 39648428 32669583 56988403 44874489 129034955 34397746 58495579 21256902 137035955 30873703 12642616 17451180 1548359 9018652 18685125 37458697 10994249 58488048 63377387 12519816 26096331 1353311 64845081 7385493 6737576 766161 28704027 72918379 68462468 11884709 5566806 37450946 1895617 11719547 7797158 33915543 639744 28953580 5310577 15569611 40073835 34358052 14029173 88368610 38591790 72031586 108752742 68995691 61560173 112853756 43884210 24773281 1891760 8472186 13400058 1530477 3817576 44901213 1692371 155662003 111274560 73523564 17969640 10505059 4105657 39599068 14004865 26032187 26516015 525304 22716938 14340888 26295262 73534345 359205 30068325 36169029 63355576 26682630 12025196 25348046 17106983 37043979 42391211 14354011 132278375 63575974 61874726 26021545 19717687 13288898 1323925 73748548 116331093 16419135 37292664 9936774 333147 31447473 22815214 1301540
25307057 3935453 1012722 10127688 614432 12745232 62630658 9365538 11151549 5011980 25791193 21263790 978533 18333186 117759798 14191890 3029587 21040367 30881930 2452972 50053353 43747781 23128378 22676280 10565276 24403809 3651271 52441434 23909840 91804719 33716111 35572832 48336600 6400241 21256902 13820506 22189002 12642616 22888321 1548359 9018652 22998340 65751704 10994249 58488048 16557350 12519816 53239987 12551448 16044369 50762164 9575449 15999458 31728187 60916533 68462468 11884709 5566806 2595534 7727822 11719547 7797158 51780561 639744 28953580 9801974 15569611 40073835 1159000 14029173 55017059 14483268 44573994 18739391 9926118 27613905 10581468 41189854 23683780 19042281 24071410 6234294 818301 6311735 37645912 20754028 15245144 104083857 52984891 31631278 3405515 41296607 21467356 13209901 24965685 44020134 525304 43637846 14340888 32328827 26128484 27761777 3734865 3136695 50679498 53370927 12025196 11848336 17106983 30717310 27697460 14354011 20069984 16026452 89827961 8477236 254282 13288898 8564647 55913343 72891166 16419135 38892312 9936774 333147 73991092 22815214 1301540
23339507 57952843 1012722 25716779 1868056 12745232 4574109 65815885 36563039 13769167 25791193 21263790 79197516 65383514 97401798 14137725 33948655 21040367 30881930 49656573 32608266 62445198 30890606 35950919 2123144 98855760 80274875 44155467 132894600 91804719 49586604 68925280 48336600 6400241 21256902 13820506 107111567 12642616 22888321 1548359 20105540 18685125 28108928 10994249 63508724 36307259 12519816 38117314 90985235 116925716 64998715 23627116 31534853 19251391 14504135 56647704 35817613 65187339 109540332 1895617 11719547 7797158 18481698 18422277 46820269 5310577 18078431 1214311 17630691 41380539 18820445 43959696 27024264 38330743 53854563 74763039 14042465 10982696 24773281 19042281 24071410 54476066 25516693 6311735 17831195 24375973 136752569 113718613 9084765 54406051 10505059 4105657 295201 14004865 1418239 47119503 525304 77976283 14340888 46832885 14547779 79310681 37010980 113651787 50679498 67413789 103061330 21896849 5054040 45996548 129530648 11846597 100634087 122082491 138107944 26560855 27163352 28639394 29354803 91017753 116331093 82940318 83500532 15494163 11387878 147039612 22815214 1301540
25307057 61250315 13184479 81152968 1868056 12745232 39509028 24122243 36563039 15916153 25791193 10793686 8769601 18333186 147814790 5442019 11477637 21040367 30881930 31050783 50053353 69667588 23128378 27573323 2123144 24403809 3651271 52441434 132894600 91804719 44874489 35572832 48336600 44638705 15409887 4823059 28521689 12642616 32108892 1548359 20105540 22998340 65751704 10994249 58488048 25950560 12519816 100859830 12551448 16044369 9026967 23627116 15999458 80927686 16167081 56647704 35817613 3677828 109540332 7727822 11719547 7797158 18481698 639744 28953580 61299607 15569611 155464985 34358052 14029173 9647442 23338149 44573994 104243489 9926118 36693107 6392827 10982696 46942287 1891760 24071410 6234294 818301 57931050 111736921 34164510 23336701 10623519 9551720 31631278 10505059 36396772 35311173 15077009 26032187 14406424 525304 69399180 84866263 5408768 73534345 51653638 28682151 3136695 45778059 57108396 12025196 25348046 17106983 76833131 59080319 14354011 82424545 14196883 173207653 79354060 254282 85800964 44206128 72096479 116331093 24309678 38892312 9936774 333147 670051 22815214 7195138
25307057 9222148 1012722 12736657 1868056 12745232 75788177 7752961 37972294 63674759 52013135 85315239 9389229 1815630 7297121 7909453 22825236 21040367 9703418 82595268 5914475 105016577 3734807 70823535 24625300 107719224 3651271 2803277 19196554 39385331 44874489 60343079 48336600 44638705 12299449 137035955 42541170 15822092 43978067 24084050 88399414 11278556 111849469 410183 10370632 13080075 22831961 57320899 32320992 95211786 50762164 7902216 15999458 12990612 77475343 56647704 33015699 6980804 16845068 25135066 127338624 7797158 18481698 639744 28953580 7663900 15569611 40073835 10125816 14029173 9647442 27438572 70466552 160498268 113667765 61560173 13862978 43884210 24773281 19042281 80967414 76551291 1530477 6311735 14621335 9063467 36915311 122026186 76861 1398102 10505059 41296607 52130229 14511368 14940356 26516015 193285 70843466 62394704 32585371 61108067 9305405 71054136 12329488 35156073 67413789 124098444 4863483 17106983 45996548 42391211 14354011 33830887 56638720 173207653 48590568 5313095 10140183 33168778 42449113 39462915 33183095 48324303 95169388 333147 96088291 85682386 7195138
25307057 22319035 1494278 25716779 1697416 12745232 36728837 7752961 66191506 44319814 96537563 63726466 9389229 60243568 147814790 40743048 8323503 21040367 24057463 87787878 74167179 112664305 48304588 11720078 23574465 3859574 3651271 38230921 9592355 46729682 44874489 16308095 18916988 44638705 15214655 32556167 148474629 12642616 66535980 41776538 9018652 18685125 68661531 10994249 31653847 84966400 35594242 154501427 32320992 63981367 1213363 7902216 31534853 12292136 42003396 34751556 58023042 6980804 63647602 25135066 127338624 7797158 18481698 639744 230271482 47689911 12212761 1726340 34358052 14029173 86744752 61803817 44573994 47943487 16846167 53199481 172244987 57001644 46942287 19042281 70069639 17715920 1530477 46468038 142969182 5036010 90142090 31180241 245388273 10947694 10505059 28940122 52130229 26403717 14940356 26516015 525304 571296377 147583479 101090927 26128484 44450792 110063125 17679166 50679498 67413789 152276919 321956707 46320946 80274373 15322304 14354011 86019296 5566258 142675782 10651469 27163352 11909961 19302769 49883072 93959677 253463092 31202563 95169388 41866856 160678947 85682386 7195138
7802148 17618345 13184479 25716779 1868056 5227896 59598325 2118319 8868214 29667783 25791193 20752637 978533 23117531 41044254 13279563 8323503 21040367 4583727 2452972 32608266 1967161 8661516 22676280 10565276 12761519 3651271 74468937 2152463 1077159 49586604 16935723 13029070 14531873 15409887 6209932 42541170 12642616 345160 21510207 48060875 22998340 4547615 10994249 58488048 25950560 1559309 19582265 2876414 67130227 1265966 17549493 15999458 2915567 13973927 42996481 923059 65187339 18685279 6171101 10487552 7797158 8239239 639744 28953580 61807293 15569611 1214311 2473688 14029173 19183976 3557009 27024264 38330743 29208139 11569238 56218959 7379873 24773281 2181468 62051422 11854821 1530477 13750444 17831195 24375973 8252532 45951910 31023720 31631278 10505059 47909979 7845690 2378059 4252776 18571830 525304 19414064 61498447 19867026 6189676 49311740 3734865 63415904 26180088 9019839 8820809 10779281 5054040 37620500 38911980 7393117 6820192 13437134 10272036 18196373 27163352 29444054 8002705 49883072 27040494 27802395 49321425 10275600 333147 31708394 22815214 2066899
25307057 46892155 13184479 21967836 14469308 12745232 4574109 21861454 11151549 53515098 25791193 21263790 978533 57887055 31345541 71264342 50706162 21040367 22218893 117433863 6225916 28908121 23128378 22676280 29610799 73451926 3651271 52441434 34580039 91804719 112888094 35572832 48336600 6400241 33823355 13820506 10613898 12642616 20522068 14356518 24095429 22998340 37458697 10994249 58488048 83457296 22831961 48608535 43182901 95211786 80348341 6737576 15999458 28704027 77475343 56647704 49044395 65187339 2595534 25135066 11719547 42174840 18481698 639744 8030663 11516470 15569611 1726340 1159000 14029173 65514646 69789378 41611089 18739391 22236584 27613905 23512380 57001644 34429946 19042281 16737812 51025734 818301 46468038 111736921 34164510 189529641 39395356 17297688 31631278 10505059 11695249 8181043 10780354 17432647 39468548 525304 6117707 23963118 162823947 26128484 4716912 3734865 36169029 9643861 75300807 102388412 22693263 17106983 30717310 86030890 14354011 299891809 122082491 40951625 18196373 9865036 20687292 8564647 71015624 66665373 24309678 37292664 9936774 333147 31447473 12734128 7195138
11620388 60826057 13184479 21163120 62307309 5227896 9658563 2118319 34595945 42287965 9976382 46875438 29130529 18333186 62649492 39867633 16853472 3182830 324371 2452972 6225916 1967161 30890606 35950919 2123144 70479450 3651271 31471485 27767680 830100 44874489 60343079 11630464 44638705 4134210 11789030 42541170 7346431 345160 12902880 88399414 949181 72607702 10994249 2721026 13080075 3030769 57320899 75274114 40619923 50762164 43802986 31534853 19251391 10808626 34751556 37961991 23589442 16845068 7727822 14935834 7797158 18481698 639744 96844878 85876235 12671820 39584692 1159000 14029173 7624649 21408447 27024264 85866883 13435335 27294928 14233874 10001869 24773281 19042281 69308514 23780590 1530477 21017046 17831195 1351402 36915311 22255472 17297688 10163626 10505059 4630572 16873721 26403717 17432647 26516015 525304 23076813 23963118 34182890 26128484 359205 46436177 24525915 1497278 67413789 64405892 4863483 45291312 17086395 44966366 11846597 4208354 1675404 10272036 26560855 17260024 24270063 8002705 17481623 75765173 8641394 148328338 5174337 333147 924313 12734128 3581849
25307057 22236352 13184479 4639359 125816887 12745232 36656871 56122396 56920750 31113996 86101458 148748435 978533 60243568 38402251 73127964 8323503 21040367 23176980 2452972 50053353 39884000 25455312 15539079 10565276 8060425 3651271 61273900 34580039 48551330 5804463 57635847 18916988 44638705 15409887 19523514 10829913 12642616 2648421 1548359 20105540 22998340 5235585 1178131 8887445 25950560 22831961 94669343 19102632 17685996 50762164 69986434 8476056 126725316 13791106 56647704 58023042 24579468 11311793 109022549 41400192 123648894 13502449 639744 28953580 6426421 15569611 1726340 34358052 7336867 4414242 61803817 27024264 1593635 34509554 11569238 56218959 57001644 24773281 19042281 5773856 17715920 1530477 38844135 85599003 12213438 59369829 19868554 38042837 31631278 10505059 41296607 4453606 26403717 19975656 47119503 525304 43637846 27359501 5935994 26128484 1612961 3734865 113651787 28399035 81831463 90273720 116942373 12138914 37043979 139649599 14354011 86019296 122082491 173207653 25242221 6256070 15060659 33432492 49883072 72911432 33183095 26543951 112841428 333147 73991092 100354209 7195138
7802148 100384027 13184479 4639359 125816887 12745232 41110479 56122396 42014630 15916153 86101458 33144734 4829201 60243568 6170773 76325765 8323503 21040367 23176980 117433863 50053353 39884000 25455312 27573323 2410503 12761519 3651271 49922823 3962382 48551330 44874489 35572832 18916988 44638705 15409887 19523514 42541170 12642616 73945828 41776538 4770683 22998340 5235585 10994249 10370632 25594832 22831961 73582193 19102632 7563117 25215551 69986434 8476056 13658023 18828718 56647704 11884709 24579468 107393424 25135066 41400192 7797158 13502449 639744 28953580 6426421 1393975 1726340 34358052 7336867 18820445 18317134 6854629 9990529 6673280 604362 54557916 57001644 24773281 1891760 80967414 17715920 818301 33473353 134363995 107401351 34076539 98350837 38042837 31631278 10505059 41296607 16873721 26403717 26032187 26516015 525304 43637846 88141859 5935994 27760642 20542827 28682151 6966753 28399035 67413789 64551008 117132215 12138914 68070395 139649599 14354011 31595490 96917964 50032016 25242221 6256070 13288898 9701078 45474480 116331093 17065167 26543951 15002203 333147 924313 93386480 7195138
