21322280 22236352 13184479 10127688 1697416 3766471 27886755 56122396 19162425 18931057 86101458 24706357 978533 60243568 38402251 73291526 8323503 21040367 19255214 30894791 50053353 1967161 4212015 7876632 10565276 3859574 3651271 55945292 3962382 38701711 5804463 31601492 10794924 5487690 15409887 19523514 23836715 5451089 73945828 1548359 20105540 22998340 5235585 10994249 8887445 25950560 15681294 22504648 19102632 17685996 66897531 20448712 8476056 28704027 13791106 56647704 58023042 24579468 26889552 7727822 11719547 7797158 18481698 639744 28953580 6426421 12212761 1726340 7769946 7336867 89636330 23979894 27024264 92798575 29208139 11569238 23512380 2207816 46942287 19042281 70069639 11854821 1530477 20506539 34139870 12213438 59369829 41730893 38042837 31631278 10505059 4630572 4453606 20743087 4252776 35409055 525304 43637846 27359501 5935994 14547779 64539980 3734865 76939731 28399035 50750034 36218127 120530128 2456990 11270978 61520155 7393117 55789922 47442142 10272036 18196373 6256070 15060659 19302769 17481623 72911432 33183095 26543951 15494163 333147 23776680 5651990 7195138
23339507 70141768 13184479 4639359 30085570 12745232 27886755 25101055 56920750 23817128 60514791 38753552 978533 43195678 7297121 14137725 16853472 21040367 30881930 2452972 22203797 1967161 7028942 4907306 24625300 24403809 3651271 38230921 43547901 50994821 39673243 83195238 48336600 44638705 15409887 32556167 42541170 9500614 22888321 21510207 88399414 22998340 72607702 10994249 31472737 25950560 22831961 4978835 12551448 2649287 79867739 7853390 31534853 7921819 73012505 5881872 11884709 20014423 107393424 1108540 22648905 7797158 13502449 639744 73572541 33596345 18078431 1726340 1159000 14029173 4435764 54459246 27024264 38330743 9926118 6357009 13862978 35719603 35208246 19042281 24071410 23780590 1530477 13750444 114831897 7046953 89442017 59903324 19659980 1398102 10505059 29060417 16873721 24621850 9887235 70248969 525304 22913937 26614755 5408768 23501009 132820310 3734865 3136695 34536706 67413789 12025196 13429179 39989206 18002778 59080319 14354011 45194725 69346028 10272036 26560855 27163352 13288898 89946119 45474480 116331093 6850379 3784307 67208904 333147 73991092 41760103 7195138
25307057 81719902 13184479 31312792 43227062 27688260 192841111 117500891 56920750 40510848 25791193 21263790 79197516 60243568 185660087 262192652 16474911 91356732 61898119 2452972 430646257 85294064 60006192 225330139 23955808 107719224 3651271 74111278 23909840 20897313 131192657 73081062 13769604 58495579 33823355 137035955 18387365 74929110 75386713 41776538 88399414 22998340 70988958 10994249 58488048 427010257 13243896 53239987 60749124 95211786 6921536 69986434 31534853 126725316 22373149 43089132 233654470 131343870 68542848 25135066 171360225 123648894 18481698 639744 337655285 61807293 255351266 118520756 45320994 14029173 55017059 14483268 44573994 99212378 153311199 61560173 183440287 41189854 23683780 19042281 62638233 120852273 1530477 46468038 17831195 8305726 193222278 113718613 99205108 29876227 10505059 47909979 52130229 26403717 258863398 70248969 525304 70843466 93765590 158479496 14547779 56312789 22111715 156615089 13439642 147969369 139771717 128093042 123965859 77176684 80447276 14354011 339971168 122082491 173207653 92713001 94463763 60711029 159788551 5691197 46320018 33183095 10720614 98622816 333147 73991092 128134414 7195138
14311709 13737722 25981485 32018106 1868056 12745232 17968304 7752961 19732660 10041554 29120650 20752637 6247353 30429834 74223337 39867633 8072171 14910047 2277172 2452972 195852308 16730249 2316853 4017642 10565276 40984347 3651271 5669546 6368490 65780237 5804463 38816307 18916988 23886044 4134210 5837006 42541170 12543763 20522068 21510207 8666279 22998340 318750 20292680 8887445 13080075 22831961 22823456 32320992 6851675 21442131 6737576 44857432 6160971 37421370 8595620 11884709 28297759 37450946 6171101 11719547 7797158 18481698 639744 24205454 6426421 17159811 1726340 1159000 14029173 49140324 61803817 770048 9990529 3630710 12584265 22681292 10001869 42388788 19042281 22445902 7955861 1530477 13750444 17697371 11598349 5401967 33620344 23701960 4955074 10505059 23273706 24835556 4601537 4252776 44649845 16400560 47264676 61498447 23727972 89439464 10352359 30068325 21176192 17641002 3054446 64405659 8287214 22511345 22498706 42391211 14354011 2607330 20175914 45573112 13851314 27163352 10140183 33168778 7024962 3624144 86643131 30125734 15494163 41866856 924313 55034387 7195138
6036591 64060447 25981485 24303698 1868056 12745232 4574109 21861454 15711056 69897536 29120650 124984078 978533 30429834 21271040 13972055 2866763 21040367 495536 2452972 74167179 35856720 34236834 27573323 10565276 59218453 3651271 42856167 55763475 49600950 21031454 42035752 48336600 44638705 4134210 38502727 22701868 119300057 20522068 20534206 13960952 22998340 36214858 6768117 58488048 25950560 22831961 19582265 55440328 12631220 1213363 6737576 31534853 31391330 95912 88989564 158890740 21855234 68542848 7727822 11719547 7797158 48466603 639744 110319350 5992443 78665122 13260698 1159000 14029173 55017059 61803817 27024264 170828338 99847031 25083098 57118894 10001869 34429946 19042281 73136182 7955861 1530477 34814229 92198167 6810476 99631473 59916353 73523564 53796116 10505059 41296607 16873721 20743087 26032187 31110565 525304 97773411 47458342 23843410 3953895 132820310 3734865 33787864 11962605 34176990 29160541 129614348 30913729 91268573 30586562 14354011 67190628 19239628 66255874 21387579 16492813 55727325 44717771 124730555 107779744 6850379 37292664 873155 22966784 73991092 55034387 72411751
25307057 55155472 13184479 10127688 130246071 3766471 27886755 7752961 13045142 74719064 5861319 38753552 978533 60243568 116477669 40743048 33948655 496628 495536 2452972 8754132 1967161 4212015 27573323 10565276 35366446 3651271 42856167 105699780 1077159 43001263 16137671 10794924 44638705 27909723 68180759 13933641 12642616 22888321 3851543 73051560 18685125 48316274 10994249 47232915 25594832 10155181 132340347 5815452 7563117 11925376 23627116 31534853 19251391 13791106 10882845 61885293 24579468 68542848 1895617 11719547 22378755 18481698 3214020 36012274 6426421 76900304 40073835 26566166 7336867 7624649 61803817 4233421 2474083 2782631 51423547 57118894 17860770 34429946 19042281 80967414 23780590 1530477 57931050 33329241 24375973 34423398 40178181 73523564 31631278 10505059 41296607 52130229 26403717 26015708 15825597 525304 43637846 27359501 183366891 13155642 1612961 3734865 32825289 33977065 58806719 12025196 28267857 10609440 5790724 126005460 14354011 67190628 19239628 10272036 26560855 9353080 28639394 95904756 45474480 4851042 84675994 26543951 15494163 333147 60001455 53309237 7195138
5876842 93093660 50270615 10127688 1868056 12745232 9658563 7752961 87335218 22918667 5119553 43044956 6247353 60243568 7297121 73291526 34872738 21040367 22218893 8582215 10006387 62445198 45419299 9377296 7880079 107719224 3651271 13706076 110001238 65780237 105835838 68925280 2518573 81637858 4134210 32556167 23322727 12642616 20522068 21510207 62186048 22998340 36214858 10994249 14182174 36232125 13243896 38117314 27315407 5237479 50762164 6737576 23157198 42423929 14504135 56647704 33015699 65187339 2595534 7727822 127338624 22378755 18481698 9165575 46820269 10394921 21333021 1214311 7769946 14029173 55017059 61803817 44573994 25328516 30180514 61560173 23512380 4095307 12567937 19042281 230729 120145852 1530477 17392088 20812316 27963670 9702261 61836484 73523564 10163626 10505059 41296607 52130229 26403717 355353358 39468548 525304 43637846 80712616 77231296 30747960 132820310 30068325 106306170 11962605 50750034 103061330 66648734 37304169 56973775 86030890 11846597 62872423 16775925 30619345 207545114 19367702 20687292 9701078 7024962 4851042 34591551 21252916 97881756 41866856 77401380 55034387 7195138
1441229 34633591 13184479 10127688 1868056 3820698 4574109 123280832 490249 53515098 820731 126032110 79197516 60243568 9279470 14137725 3548436 15767900 24946325 48116975 9504163 46249208 52348915 70823535 10565276 96233202 3651271 38439432 4503001 54301029 10649237 25153288 34397746 987119 15214655 91127844 531394 351045 73945828 4450033 88399414 22998340 44324858 10994249 14182174 18290164 12519816 128512957 55440328 95211786 25215551 69986434 12338874 1137888 23812288 76035046 35817613 12391777 37450946 7727822 112654279 22378755 9501822 639744 50612659 6426421 7590338 1726340 2473688 14029173 55017059 38811750 27024264 9990529 116042564 604362 74060078 35719603 46942287 1891760 230729 50300872 1530477 33473353 134363995 43813971 52064896 94411635 17391524 31631278 10505059 41296607 14326384 26403717 14940356 47119503 525304 43637846 44751095 280954113 23501009 53533371 49376558 9957947 36790648 18980207 36218127 21896849 30913729 36809230 42391211 14354011 21140199 5566258 173207653 44252572 294428 55727325 56035551 45474480 4851042 27802395 59213041 11647470 333147 46058541 4361437 14140776
25307057 220660038 1494278 37359178 70972886 92713624 70660080 134576869 217059630 83349463 96537563 3246867 79197516 60243568 185660087 172196724 30958725 405604481 495536 117433863 403295984 112664305 291074368 225330139 229102992 19049009 3651271 38439432 546435191 25445883 115733242 118950136 60857595 89659124 33823355 41718871 229346179 12642616 91444066 41776538 8693608 22998340 38558170 10994249 58488048 84966400 35594242 712760813 179190894 12631220 50762164 19455041 31534853 126725316 150686984 439178378 21749896 182225570 330485900 7727822 11926206 31268806 79527872 639744 343923179 454283029 107585893 82595323 76720517 14029173 454202099 61803817 44573994 133195999 153311199 61560173 17119519 18217551 46942287 90361038 362045903 50300872 1530477 36235947 278597081 34164510 451637314 122026186 183062932 189969156 10505059 47909979 52130229 394767855 361527823 31642448 525304 97773411 5141649 23843410 106018825 94385952 92845158 160000274 50679498 115105956 152276919 484590340 82184432 131762451 30586562 14354011 100634087 122082491 196034958 401414150 27163352 191384492 262349891 124730555 116331093 283395008 105971546 254389932 41866856 445075495 85682386 401163876
11620388 9469465 13184479 25716779 1697416 5227896 102792730 21861454 15711056 18535268 32369684 99081003 30437969 2114491 105180287 39867633 8323503 14928827 22218893 2452972 50053353 35856720 90724116 7876632 442167 3859574 3651271 74111278 43547901 57124704 5804463 42035752 18916988 34187238 4134210 15454990 23836715 12543763 20522068 12902880 38201367 16195468 7984889 9978079 8887445 16557350 22831961 36213026 39446 47531850 1213363 6737576 15999458 7921819 77475343 5881872 11884709 5566806 5013692 7727822 28604871 7797158 18481698 639744 2304109 16417600 12212761 1726340 1159000 9044825 55017059 27907650 89070434 1137316 13435335 20200126 1263425 10001869 24773281 19042281 35176429 18623618 1530477 20506539 111248669 6810476 19111954 94187914 47283090 12532583 9670002 4630572 12746201 7699313 3519701 47119503 525304 70843466 4397634 23843410 3953895 53533371 30068325 29219648 17641002 34176990 12025196 18805932 17106983 45996548 4071763 14354011 2607330 37684248 74694377 13851314 27163352 13288898 19302769 989854 3624144 33183095 37292664 13790828 333147 924313 7424833 3581849
32184365 50678961 25981485 81152968 1697416 12745232 36656871 40805398 78649471 170229061 79168435 2537007 124243474 40504343 20118059 134433718 52423260 21040367 224980397 2452972 22203797 112664305 153677312 222051552 9685356 3859574 3651271 148819230 149731336 38701711 95377140 111458816 48336600 60110497 33823355 68180759 87890603 12642616 91444066 35698510 88399414 22998340 162112014 10994249 47232915 121348623 35594242 8546324 39446 221778526 80445349 24524593 31534853 5058094 13791106 5881872 59362181 20014423 5013692 25135066 11834595 7797158 7172175 639744 1995120 63665975 9796199 127777567 34358052 47859585 9647442 24333866 44573994 1137316 29208139 61560173 49877457 39517679 46942287 144787801 56192436 142413349 11386779 46468038 28055320 34164510 89442017 41730893 50414918 39740184 10505059 5018778 51940969 144980884 17663170 232811530 525304 14826881 27359501 32585371 44271665 69091800 179172263 81024152 22688812 58806719 1055109 170804789 10609440 56973775 137599319 43301861 81081698 63958582 41703298 211603561 27163352 10140183 19302769 124730555 69528343 333422292 79602787 84799043 41866856 25157177 152219815 7195138
25307057 94539172 13184479 10127688 1697416 3766471 36656871 28509606 10643369 40510848 25791193 9989749 978533 60243568 118798111 10493831 16853472 21040367 3942631 2452972 5492515 51646152 4212015 27573323 10565276 3859574 1328245 41984871 34580039 68631813 34640093 129034955 9555136 44638705 15409887 32556167 42541170 12642616 9634497 1548359 20105540 949181 88896609 10994249 14182174 25950560 1295398 94669343 44749788 46014220 1213363 23627116 31534853 19251391 95912 34751556 58023042 24579468 2595534 109022549 11719547 7797158 18481698 639744 96844878 79066978 12212761 40073835 9860119 7336867 89636330 69789378 44573994 69836605 99847031 76865966 13862978 11176616 24773281 19042281 70069639 11854821 1530477 33473353 85599003 6810476 65899573 23882540 68261326 1398102 10505059 15349394 19123433 26403717 26032187 35275947 525304 43637846 26614755 5408768 44271665 1612961 3734865 41516428 44750856 9019839 12025196 45897646 10878302 133992202 44966366 14354011 2607330 47442142 154890939 26560855 9353080 20687292 19302769 45474480 3624144 16419135 26543951 13790828 333147 73991092 12994440 7195138
23339507 137220237 1012722 25716779 25977614 3766471 32799767 3579532 13863367 42287965 25791193 21263790 30437969 60243568 31345541 5442019 7753237 21040367 3942631 2452972 32608266 28908121 4212015 22676280 2123144 24403809 3651271 65880680 36896327 46729682 49586604 35572832 10794924 44638705 9393556 16080485 42541170 12642616 20522068 1548359 20105540 22998340 37458697 10994249 58488048 25950560 10155181 88329658 12551448 40619923 4595182 6737576 8476056 28704027 60916533 37776365 35817613 65187339 8598433 1895617 11719547 48709428 33915543 639744 76730336 5310577 12671820 1726340 13103779 14029173 15568912 4995172 4233421 38330743 9926118 27613905 121165964 43884210 35208246 19042281 24071410 23780590 818301 6311735 17831195 24375973 86638268 104083857 128866648 31631278 10505059 24241532 52130229 14004865 24965685 7587559 525304 22913937 35388443 97141871 23501009 79310681 28682151 3136695 6082138 63521230 11271234 21896849 5054040 45996548 8263329 14354011 31595490 27711393 99864122 18196373 3207842 54921802 26402681 26070201 112596107 6394601 37292664 15494163 333147 924313 22815214 7810179
11277460 70141768 13184479 6660046 12117371 3766471 20589325 21861454 56920750 47536099 86101458 81566808 55918317 22542142 97401798 104747425 16853472 14928827 22218893 30894791 7327030 16730249 4212015 4017642 10565276 29165993 3651271 81326222 37272225 15968279 49586604 7791591 4700483 23358658 15409887 26295976 30247338 12543763 20522068 1548359 8666279 18685125 318750 10994249 14182174 25950560 5742133 45119693 24912182 70215624 28874403 6737576 15999458 5379594 3242583 68462468 118058438 24579468 76668448 45258848 11719547 7797158 44769350 8734879 1995120 20852739 15569611 1726340 16667829 7336867 9647442 64040735 27024264 32719423 14849967 27613905 98843825 18217551 1889812 2065029 72388532 23780590 1530477 73190998 29075931 3019997 75167144 94411635 320602771 11542398 8898394 5018778 16873721 24621850 26032187 47119503 525304 82531548 170075 26295262 73534345 64539980 30068325 9525857 46775962 67413789 102388412 64239091 17106983 18002778 86030890 14354011 31595490 21553205 85050080 31766385 9353080 3687058 44206128 71015624 4851042 13155008 26543951 15494163 333147 895072 40573399 79667387
11747663 78744170 13184479 31312792 1868056 12745232 41110479 32222110 55896667 29667783 86101458 159152531 978533 10000742 45618663 113360577 13032038 21040367 4583727 45820714 50053353 16730249 51086029 4017642 10565276 44449645 3651271 11041564 36896327 22254634 32646360 16994056 14415876 44638705 15409887 5837006 42541170 12642616 2648421 21510207 8666279 18685125 4327029 9978079 14182174 25950560 16711198 3692604 29029994 6851675 1213363 23627116 15999458 12292136 23812288 56647704 128051257 5566806 1917696 7727822 11719547 29613670 1569033 639744 28953580 36720293 10233788 1726340 34358052 7336867 55017059 1689832 44573994 56990472 13435335 10537252 71190044 8024822 46942287 19042281 10155278 92842395 1530477 57931050 29075931 6810476 5401967 19868554 30141463 24162438 10505059 19829171 24835556 26403717 95131142 44618434 525304 33666844 93765590 45228631 26128484 11605296 3734865 52486665 3762421 30722801 54578504 23871836 17106983 80274373 89169803 14354011 69821924 16026452 45573112 92713001 27163352 28639394 23542082 48583318 38707616 33183095 64592319 15494163 333147 31986332 46256733 7195138
25307057 70410320 577103 10127688 1868056 12745232 7610475 20499311 45194235 16179527 74842154 20752637 978533 60243568 45618663 14191890 1623319 10006145 4583727 2452972 13478717 37489284 42262970 16695132 10565276 55199903 3651271 10371143 15325954 38701711 33716111 11121875 12752528 44638705 4134210 37885013 42541170 12543763 22888321 21510207 24095429 22998340 45470041 1178131 15793198 25950560 22831961 22823456 39446 26112684 1213363 23627116 15999458 44804600 4027970 18779153 11884709 59438078 5013692 6171101 11719547 7797158 6526129 639744 24205454 33596345 15569611 1726340 2473688 14029173 15568912 23979894 18246139 92798575 6291412 27613905 22681292 10001869 24773281 19042281 24494686 6476502 1530477 57931050 17697371 1240517 17645557 41730893 23701960 4955074 10505059 23273706 12746201 4601537 7973514 26516015 525304 43637846 27359501 19867026 44271665 1612961 1497436 59448042 33977065 51310183 1433955 92305755 17106983 25743614 80508279 14354011 100634087 27711393 16186721 13851314 11205519 10140183 26402681 45474480 4978143 28349993 59121183 13790828 333147 16176903 33685826 7195138
25307057 61815360 13184479 25716779 38249090 6264343 20589325 7752961 19732660 74719064 29120650 40065190 978533 30429834 20118059 40743048 33948655 15109464 27262584 2452972 74167179 15212389 12044505 27573323 442167 98398876 3651271 10555134 15619 38701711 19321563 95077747 12752528 34187238 15409887 19523514 9965949 2564115 22888321 21510207 2115451 22998340 3782314 10994249 31653847 25950560 22831961 11453726 32320992 95211786 1213363 42933258 31534853 7921819 95912 20152088 117977864 65187339 17224507 7727822 64657009 1021205 26272187 639744 1920714 47689911 88438940 88057773 34358052 14029173 4435764 15583862 70466552 18739391 55913100 53199481 17119519 8024822 24773281 19042281 73136182 30728917 1530477 65026614 28055320 6810476 34076539 104083857 53130299 4955074 10505059 24958164 43914595 10737561 9887235 11047387 525304 70843466 17380774 9603271 73534345 11605296 3734865 89144518 63355576 24799047 12025196 18805932 39989206 56973775 8263329 14354011 100634087 19239628 54125147 13851314 19232051 29444054 44717771 26070201 72891166 27802395 21252916 31854809 333147 1196488 11837255 22344522
