32184365 191314199 37751021 10127688 37371941 27325 126817734 172982550 98145728 74719064 96537563 20388196 5721188 123417543 45618663 4213665 9517504 100012679 4583727 8582215 50053353 52533115 52348915 44564327 10565276 10121881 21219180 42465004 126123322 36694410 49586604 68925280 52492783 70647555 153693202 64954949 148474629 12642616 75178221 69817820 78253264 49685976 24747053 10994249 10370632 25594832 35594242 36036054 19102632 54761824 21442131 39061245 15999458 12990612 354439 22946700 117969175 65187339 16845068 25135066 123370973 104165778 18481698 18422277 28953580 63665975 15569611 40073835 3351193 47859585 90956381 89132789 29843332 9990529 53854563 30690124 71787010 32702509 2963552 19042281 104240230 16445276 25516693 46468038 37665566 34164510 52064896 169561454 73523564 68320712 37613221 25650416 18350450 26403717 84154698 2710654 525304 43637846 20299537 45228631 61108067 53533371 46436177 81024152 50529383 91531059 107133845 92305755 10609440 68070395 44966366 11846597 12012133 5566258 138107944 48590568 27163352 82257495 284067280 3788776 6970777 361906938 88699813 83833008 41866856 203969829 131943112 7195138
59593136 22236352 13184479 25716779 1697416 6264343 39518510 55969131 15711056 43689005 86101458 72209866 4829201 46633980 48948149 40743048 8323503 21040367 30881930 2452972 58516361 77665613 149632399 29045643 23574465 3859574 3651271 38439432 34580039 43809909 5804463 53809538 18916988 35634218 15409887 57773461 9965949 12642616 22888321 20534206 38201367 18685125 19154957 6768117 8887445 25950560 22831961 3761101 64486666 47531850 79250958 69651795 8032091 12990612 14504135 68462468 58023042 65187339 16845068 7727822 115707450 7797158 56166938 639744 73572541 16417600 12212761 1726340 1159000 14029173 10890988 146037518 27024264 102063607 14849967 31675416 24838795 18217551 34429946 19042281 70069639 17715920 1530477 43723384 123820444 12213438 4605918 122703666 38042837 10163626 10505059 24958164 10464690 26403717 19975656 14717868 525304 97773411 47458342 23843410 47089124 33817585 46436177 69525999 11962605 25206830 49176588 64239091 45291312 71822832 14031719 11846597 31595490 37684248 8488556 41358386 27163352 28639394 11591887 45474480 39743243 27802395 64592319 97881756 333147 924313 100354209 16613585
88543284 55155472 13184479 25716779 1697416 3766471 17484894 57256952 56920750 47536099 32369684 33144734 121539531 57504418 91435830 40743048 8323503 21040367 30881930 59165133 80408803 1967161 4212015 70823535 442167 3859574 3651271 101161385 101015814 46729682 49586604 129034955 10794924 44638705 15409887 18364847 2611657 12642616 17763890 1548359 20105540 949181 45470041 10994249 58488048 25594832 22831961 53239987 39446 95187626 19079572 10479783 23157198 34746068 49323520 68462468 11884709 65187339 5013692 2125000 11719547 7797158 48466603 639744 56754535 47689911 12212761 1726340 26566166 14029173 65688954 23979894 27024264 9990529 34671701 51423547 57118894 11176616 24773281 19042281 70069639 23780590 1530477 1791382 114831897 24375973 10816718 94187914 47283090 21447980 10505059 4630572 268884 3701980 2461488 47119503 525304 70843466 5141649 17389924 4289706 128279081 91882594 42514211 44750856 43697449 12025196 33030819 17840968 5790724 42391211 14354011 104195429 19239628 10272036 26560855 9353080 10140183 19302769 17481623 24421901 6850379 83500532 15494163 333147 7913794 50972528 7810179
25307057 100384027 34021156 2660095 1697416 12745232 63025095 30218414 13045142 23817128 5861319 20752637 30437969 60243568 67154339 104747425 33948655 496628 23176980 2452972 8754132 1967161 123416218 18644398 9685356 3859574 3651271 95751038 82808158 1077159 131192657 69110196 48336600 100164623 15409887 215367651 42541170 35954329 81871632 41776538 47341948 22998340 48316274 10994249 47232915 25950560 22831961 11453726 5815452 152082707 9755183 23627116 31534853 13658023 95912 148920783 11884709 24579468 109522322 25135066 11719547 7797158 27572717 639744 1995120 61514315 12212761 1726340 26566166 7336867 15568912 69789378 27024264 1137316 2782631 51423547 56156145 39517679 46942287 19042281 70069639 7852216 3069989 41368092 29075931 24375973 75167144 16688503 73523564 143731991 10505059 5018778 16873721 26403717 26032187 15825597 525304 145133065 9233990 68366365 13155642 69091800 37010980 71446445 44750856 58806719 70763181 7500048 10609440 45996548 31851692 1808650 31595490 63958582 10272036 26560855 58694447 13288898 19302769 1994831 116331093 54308798 26543951 15494163 1522970 924313 53309237 16613585
25307057 84466340 13184479 2969361 62307309 12745232 42790626 7752961 56920750 27470127 5861319 136129608 3055791 46633980 18870376 104747425 22825236 21040367 4898561 2452972 12598619 17699290 34236834 7876632 10565276 151611818 3651271 85069531 23909840 15229563 49586604 18448384 48336600 44638705 9709610 32556167 23836715 2564115 22888321 11720416 4770683 22998340 32403943 10994249 58488048 25594832 22831961 19582265 4125588 89130539 1213363 10449205 31534853 1137888 56750328 100199487 11884709 24579468 16845068 1108540 16212043 7797158 72958476 639744 7198878 14953226 78665122 1726340 1159000 7336867 9647442 14483268 29843332 9990529 98516293 20200126 15001488 21163886 23683780 19042281 73136182 17715920 818301 15599836 29075931 6810476 6992744 42239719 73523564 7251856 10505059 15349394 268884 11173529 20413035 31110565 525304 35855540 43652218 32585371 75917444 88356753 28682151 107739400 3762421 67413789 5969938 42794895 45291312 45996548 126160143 14354011 25740644 15246874 42485265 13851314 9865036 10140183 33168778 62685272 56752095 33183095 26543951 10371516 333147 18468444 14502428 7810179
13561161 46832713 13184479 6660046 30085570 4041277 4574109 21861454 21697405 5011980 10967763 9496159 4829201 23117531 61066598 23470518 16853472 21040367 495536 2452972 30844905 30708700 1995183 22676280 9571273 78611100 3651271 42856167 5825682 43809909 49586604 106776281 9555136 2727417 33823355 15454990 30247338 12642616 20522068 21510207 2115451 8601071 21902027 10994249 58488048 35327764 5742133 27068434 2876414 12631220 1265966 6737576 15999458 19251391 13791106 40923525 55646121 65187339 2595534 7605901 5172686 7797158 18481698 639744 28953580 6426421 15569611 1726340 22743825 14029173 55017059 14970373 29734872 18739391 13435335 6029652 56518159 41189854 34429946 19042281 58265887 12852549 1530477 1791382 17831195 24375973 99631473 8300737 15739401 27296216 10505059 29060417 19123433 2378059 2461488 38909838 525304 53269324 26614755 5408768 6591824 1612961 7983552 37302662 26180088 48995151 70763181 64239091 12138914 3884092 4666414 808716 24512866 19630763 2910695 18196373 27163352 9268321 29973046 15022866 4851042 21478438 37292664 15494163 333147 15305120 55034387 7195138
25307057 231972810 36687729 81152968 118382372 27688260 32276245 21861454 120455115 585079009 123417832 85315239 43283248 60243568 185660087 22763852 75089031 14910047 22218893 117433863 248253159 112664305 116940330 27573323 110642772 16980096 3651271 27990651 110144774 15229563 23294096 38816307 60857595 251306921 33823355 252873073 229346179 178724439 20522068 1338312 66226645 22998340 37458697 10994249 46370989 13080075 35594242 58000440 138922369 49017302 50762164 6737576 31534853 66103997 37421370 56647704 129475663 13750146 233261808 25135066 127338624 123648894 18481698 639744 306479544 207369305 74855586 12380702 34358052 9372255 88368610 61803817 44573994 266554708 74768632 61560173 268092370 57001644 46942287 19042281 125057232 16445276 1530477 23763079 5219098 34164510 36915311 46166556 262878053 189969156 10505059 16831420 6028156 26403717 25447391 89043274 525304 11445863 5141649 32585371 105151504 30702849 30068325 46479581 50679498 115105956 16413689 8287214 123965859 77559387 86030890 14354011 7572192 89378186 31710716 23890089 76474386 10140183 33168778 101264717 65979195 87969828 29033250 185909872 15429916 336829294 55034387 7195138
4926920 60846274 13184479 42019362 42352178 12745232 27886755 21861454 13863367 10041554 29120650 63726466 978533 30429834 58104247 39005895 8323503 21040367 22218893 2452972 120464517 16730249 25455312 4017642 10565276 55199903 3651271 74111278 110144774 1077159 49586604 20611320 9555136 6400241 15409887 13820506 30247338 22328136 20522068 21510207 8666279 22998340 37458697 10994249 10370632 12979204 12519816 100859830 109723845 38081412 25215551 6737576 23157198 126725316 18828718 56647704 35817613 5566806 20543469 1909403 11719547 12716220 7172175 639744 32628779 23289999 25789880 1726340 34358052 14029173 47358698 61803817 18629517 9990529 13435335 57648898 71787010 57001644 9414090 19042281 80967414 65088001 1530477 17392088 15084638 187798718 75167144 90964758 19362078 31631278 10505059 47909979 16873721 20743087 24965685 47119503 525304 89160957 84866263 32585371 47089124 1612961 3734865 76939731 63355576 5192467 36218127 22002212 12138914 11270978 61520155 14354011 296455394 52107246 70526420 618915 58694447 10140183 29354803 45474480 4851042 140231782 37292664 15494163 333147 73991092 22815214 7195138
799952 14410750 1494278 31312792 12117371 12745232 43681110 76417199 56920750 53515098 86101458 57106140 15015929 40897245 89770486 55444303 93634338 33129684 75816273 117433863 7327030 112664305 38603101 27573323 118813739 44927843 3651271 42465004 82808158 35139609 43001263 29383042 54332702 77636462 15409887 51044122 20635470 12642616 91444066 24506221 26639431 2572501 219339427 10994249 24914202 25950560 22831961 45119693 46674701 48286807 21442131 69986434 31534853 5379594 59093605 68462468 118058438 65187339 109522322 25135066 5917412 12716220 69566792 18422277 1995120 98555102 125599179 1726340 3351193 14029173 89636330 61803817 304693566 34873203 29208139 61560173 65191483 38042027 46942287 2065029 9420566 66024841 1530477 46468038 7510173 3019997 75167144 122026186 128329548 31631278 9670002 5018778 52130229 26403717 37025389 20477346 525304 7821844 93765590 215869233 75917444 69091800 127817669 32825289 46775962 115105956 70763181 28400006 105847073 111443930 38865723 14354011 42924387 21553205 108637576 31766385 27163352 16133074 149013696 6210670 116331093 33183095 113878028 50378491 333147 60001455 89165522 17297813
25307057 134084272 1494278 24160978 1868056 12745232 13246730 21861454 56920750 6196322 92324269 99081003 8769601 60243568 79876633 57885213 32668428 72722152 22218893 24611985 31642479 112664305 23128378 4907306 43357195 14684422 3651271 38230921 14799785 91804719 11330906 19952968 128865946 91918047 33823355 30337734 22189002 164207805 897633 14356518 29513133 22998340 318750 10994249 55250810 49633329 35594242 16739789 12551448 29941366 22638957 6737576 31534853 38366149 15300264 34751556 37734115 65187339 35673074 25135066 16212043 19920676 79527872 18422277 68342982 11516470 36345193 10239746 1159000 7336867 55017059 61803817 27024264 54332573 9926118 25754237 171604208 41189854 46942287 19042281 11050417 10575187 1530477 24216855 25390362 9700473 36045854 102561112 19659980 31631278 10505059 11695249 8181043 26403717 91986736 87191701 525304 19414064 205191798 32585371 26128484 51653638 30068325 3136695 63355576 71705591 149783329 127256729 45291312 30717310 44966366 14354011 25740644 122082491 197847293 76708615 76474386 8546323 19411598 39845873 68779287 35847596 33750771 156184474 333147 39845646 55034387 61506909
5193254 80770947 13184479 12736657 25977614 12745232 63025095 21861454 4625899 53515098 86101458 204302692 79197516 60243568 70121820 61853982 59202551 21040367 2277172 97998262 176802299 16730249 38603101 4017642 41727296 27307199 3651271 38439432 23909840 91804719 44874489 73081062 26665156 17286905 33823355 19523514 42541170 12642616 20522068 41776538 8666279 15512385 318750 10994249 8572524 84555516 22831961 53239987 19102632 95211786 50168980 6737576 31534853 28098079 77475343 68462468 176361232 5566806 68542848 25135066 62985289 45010464 27319541 639744 18917145 63665975 74855586 1726340 16285441 14029173 55017059 14483268 44573994 121256169 29208139 61560173 4339083 41189854 17113533 19042281 80967414 50300872 1530477 46468038 77741467 20754028 188507706 241307 21256435 25810441 10505059 41296607 24835556 26403717 1115669 11047387 525304 70843466 1168472 1335972 73534345 88356753 30068325 36169029 11962605 52826067 70763181 128093042 10609440 136257211 38865723 13725153 54932195 63958582 300854768 79354060 27163352 29444054 56035551 73748548 13247906 33183095 11144276 117513337 333147 38392986 51647069 66799115
16211407 127722290 13184479 31312792 11166393 7270023 17484894 52602435 10643369 53515098 10967763 85315239 11000139 10342447 35463968 20577890 13032038 21040367 55868886 99483442 50053353 16730249 1326785 2215595 10565276 32043842 3651271 69006026 23909840 84643977 29304734 38816307 48336600 58495579 21256902 15454990 42541170 12642616 2648421 1338312 8666279 22998340 36214858 10994249 10370632 39602050 10155181 6648013 96231640 60884240 1213363 23627116 15999458 28704027 10808626 49634394 117969175 5566806 16845068 7727822 11719547 7797158 27319541 639744 28953580 33092937 12671820 1726340 9860119 4095592 9647442 14483268 72031586 38330743 13435335 6029652 3471106 44294739 1585754 19042281 7496460 46248767 280041 56745019 92647512 6810476 65899573 17798389 19362078 10947694 10505059 4630572 24499212 9030789 11405393 27392479 525304 22716938 7612729 1335972 23501009 1612961 66946499 24525915 11962605 9019839 12025196 15616098 17106983 16490151 87345587 14354011 54932195 9458629 40951625 5940629 27163352 10140183 33168778 17481623 5628995 21478438 76496153 9936774 333147 88961528 76318501 94807891
25307057 89267028 13184479 52469207 130246071 12745232 192841111 52602435 37912860 10041554 55010224 197766566 978533 10342447 35463968 70425716 70817828 21040367 58431295 24463862 21689838 62445198 29709093 27573323 10565276 50050627 3651271 70924888 27767680 1077159 112888094 69110196 39840070 89659124 33823355 32556167 23177687 12642616 91444066 41776538 88399414 18685125 52603020 10994249 32230959 181589711 22831961 211654431 109723845 52535179 50762164 23627116 15999458 12990612 77475343 12136434 37961991 65187339 68542848 25135066 11719547 7797158 18481698 639744 28953580 8304383 15569611 40073835 16285441 14029173 15568912 61803817 27024264 81464323 99847031 61560173 256406366 41189854 46942287 19042281 80967414 218706955 1530477 25979847 3546525 72022287 127685595 99381538 73523564 31631278 10505059 41296607 16873721 26403717 26032187 35409055 525304 234945622 89657546 38381912 24955412 55535543 3734865 140159504 63355576 1991758 100207325 332708850 17106983 93689828 152786592 14354011 376801378 122082491 42485265 27413948 17260024 15060659 105794160 73748548 116331093 70068134 83500532 15494163 333147 222156632 18276807 7195138
25307057 11028826 13184479 10127688 35149633 12745232 27886755 129266446 36563039 10041554 55010224 2537007 27219897 59747123 9253508 20577890 8323503 21040367 30881930 2452972 32608266 62445198 38603101 2215595 10565276 107719224 3651271 5669546 110144774 1077159 49586604 57635847 18916988 6400241 15409887 13820506 39192888 119300057 22888321 1338312 20105540 18685125 24747053 10994249 58488048 25950560 12519816 53239987 90985235 52535179 1213363 10479783 15999458 28704027 23812288 55795502 35817613 5566806 20543469 1909403 11719547 7797158 18481698 639744 12786233 23289999 7590338 1726340 34358052 14029173 9647442 18728028 36154203 25262203 58724453 12584265 76336881 141898 46942287 19042281 15226032 23780590 1530477 33473353 17831195 4156311 56946007 46166556 17391524 25810441 10505059 41296607 31374477 9286889 26032187 35409055 525304 14826881 66156252 23727972 15037285 55283122 47481765 100149841 11962605 67413789 12025196 15616098 5054040 22498706 51139141 14354011 100634087 9458629 41703298 26560855 58694447 10140183 33168778 15022866 4851042 22810447 49321425 9936774 333147 45821498 4361437 7195138
27389917 191314199 7787371 10127688 125816887 3766471 71000851 39837975 4625899 27470127 39893672 137721496 108682275 49611301 70121820 104747425 7753237 21040367 30881930 2452972 58278269 1967161 4212015 22676280 10565276 91502459 3651271 38439432 34580039 43809909 43001263 5364780 10794924 44638705 15409887 32556167 42541170 12642616 7176766 1548359 20105540 18685125 38836354 10994249 14182174 18290164 10155181 13751623 161185336 95211786 18646979 9575449 31534853 39235114 77475343 56647704 154779327 65187339 21212413 47257708 11719547 7797158 6024264 639744 54499212 23289999 76900304 1726340 26566166 7336867 55017059 23979894 44573994 9990529 34509554 27613905 17119519 41189854 34429946 8287626 41716471 21205984 1530477 52497546 62639260 26293371 86638268 108413317 38042837 31631278 10505059 41296607 19123433 20743087 24965685 26516015 525304 43637846 55856292 32585371 21005349 53533371 92845158 32825289 50679498 67413789 1055109 113092789 46320946 95994621 8263329 14354011 124805475 5566258 10272036 18196373 9353080 10140183 26402681 4794916 4851042 33183095 83500532 15494163 333147 25157177 75682362 7195138
7802148 20916473 2999649 10667570 54032261 12745232 116860100 33071231 4625899 29667783 85218458 20752637 4829201 60243568 67154339 60944175 51192895 21040367 3942631 2452972 50053353 31721214 153677312 30300967 1558143 12426897 3651271 161763784 10535488 54301029 21526356 16137671 48336600 44638705 15214655 51044122 42541170 2564115 91444066 17090491 85036013 18685125 318750 10994249 31472737 25950560 22831961 19657164 4019398 7881288 85437118 26176089 15999458 6402693 59093605 18489150 59362181 5566806 60526524 15311041 17955945 7797158 18481698 639744 1995120 7663900 15569611 1726340 34358052 7336867 9647442 27438572 27024264 1137316 2340465 6357009 65191483 39517679 46942287 19042281 69291216 23780590 1530477 46468038 62667610 24375973 17495565 104083857 70065043 31631278 10505059 990120 16873721 26403717 14940356 47119503 525304 70843466 9128698 5935994 13155642 54948209 38405348 32825289 28399035 58806719 103061330 2056578 5054040 45996548 38865723 11964131 27586020 56638720 7152975 26021545 27163352 28639394 26402681 4794916 87073718 33183095 17978247 8771704 333147 60001455 46256733 7195138
25307057 22236352 85449535 12736657 1868056 12745232 75788177 63492951 66191506 42287965 106633482 70699136 29130529 60243568 135323281 205766525 10134115 178636855 29205883 80292740 50053353 112664305 7101577 15298094 2410503 96233202 3651271 74111278 27767680 91804719 5804463 65106581 9555136 44638705 21256902 32556167 9977977 22328136 81871632 41776538 88399414 22998340 162112014 10994249 8887445 63377387 22831961 6648013 19102632 95211786 50762164 69986434 15999458 126725316 41532944 56647704 11884709 5566806 25069615 7605901 112383469 59314158 18481698 639744 28953580 16417600 15569611 1726340 1159000 14029173 55017059 21408447 44573994 1137316 14849967 61560173 71787010 41189854 24773281 19042281 5773856 76551291 1530477 46468038 17831195 12213438 24458163 113718613 146417918 79677044 10505059 47909979 25011590 26403717 81992276 26516015 525304 258166309 14340888 45228631 26128484 53533371 91882594 9525857 50679498 107803966 100207325 108842889 17106983 36247994 31851692 14354011 24512866 122082491 236244102 112721856 43564275 13288898 156405861 5691197 77395764 47053114 78789711 6750385 41866856 924313 69244887 7195138
