25307057 231972810 34134089 81152968 30085570 12745232 41144296 2118319 42014630 322520709 9976382 2537007 30437969 60243568 63462746 84328927 49466731 121319437 252208201 117433863 50053353 21063991 216041996 27573323 95358631 107719224 3651271 74111278 27767680 91804719 5244888 95653718 60857595 48245695 21256902 34017385 163706229 157920902 345160 264875227 73606320 949181 88896609 10994249 228712564 44008439 3030769 103774357 275123782 95211786 49794506 69986434 15999458 368914591 22373149 3024392 233654470 65187339 68542848 25135066 112383469 7797158 18481698 639744 28953580 21078189 15569611 229384097 16285441 14029173 55017059 61803817 44573994 102924736 99847031 61560173 112853756 41189854 24773281 19042281 255289135 11854821 1530477 21279052 92647512 34164510 451637314 169561454 265041157 39740184 10505059 160583265 19123433 26403717 26032187 308721625 525304 14826881 147583479 5408768 106018825 64539980 127817669 36169029 32146583 67413789 99574418 91401677 17106983 37620500 152786592 14354011 45194725 122082491 41703298 148370741 94463763 42356466 131009003 124730555 27040494 287313897 500907786 47091847 41866856 194158318 128134414 7195138
7802148 129833455 37751021 10127688 11067209 12745232 41144296 128351971 4625899 74719064 42639854 29444805 51648621 22542142 70121820 70425716 47360641 14928827 23176980 8582215 50053353 62445198 48304588 22676280 2410503 12761519 3651271 3049245 12474270 61882012 43001263 41013572 54371402 44638705 15409887 30925472 42541170 12543763 4581611 41776538 24095429 949181 68661531 10994249 10370632 25594832 22831961 36036054 28400769 54761824 25215551 39061245 15999458 12990612 44817381 56647704 26852943 24579468 26889552 25135066 28604871 1818928 18481698 639744 28953580 61603067 15569611 149087693 1159000 7336867 4414242 146037518 41380029 9990529 34736415 53199481 65191483 57001644 24773281 19042281 50824214 21205984 11386779 46468038 64977947 26293371 90142090 6708668 143970406 68320712 10505059 17312904 82920865 26403717 24965685 47119503 525304 23378326 8073821 211754511 61108067 53533371 74188665 32825289 801169 67413789 1055109 132385902 10609440 32567995 8263329 15610862 116309472 11934742 268425406 18196373 27163352 29444054 56035551 26070201 113989921 167890688 26543951 83861697 63231224 25157177 6040157 7195138
13071310 62454927 85449535 10667570 1868056 12745232 42820937 20713222 4625899 27470127 86457870 20752637 8769601 49611301 57879462 60944175 33948655 33129684 19255214 20939622 17302896 16730249 38603101 4017642 9685356 12426897 3651271 38439432 10535488 54301029 21526356 16137671 54371402 44638705 15214655 32556167 42541170 2564115 22888321 1548359 8666279 22998340 318750 10994249 47232915 25950560 15681294 11453726 4019398 7881288 9755183 24524593 15999458 6402693 59093605 18572619 59362181 5566806 26889552 15311041 17955945 7797158 6024264 639744 1995120 7663900 15569611 1726340 26566166 7336867 55017059 27438572 27024264 1137316 2340465 18152950 17119519 1922073 46942287 8287626 50824214 50300872 11386779 17392088 20812316 34164510 17495565 32278621 70065043 63462497 12135679 990120 16873721 26403717 14940356 26516015 525304 35855540 9128698 23727972 13155642 54948209 75248458 18238694 3762421 52826067 1055109 2056578 17106983 56973775 38865723 11964131 27586020 5566258 7152975 18196373 27163352 10140183 29354803 64222629 87073718 63557818 52182823 6750385 38519327 25157177 5651990 17297813
21076963 62454927 7787371 10667570 1868056 12745232 42820937 20713222 4625899 29667783 86101458 20752637 8769601 60243568 57879462 60944175 29656928 33129684 3942631 2452972 17302896 16730249 153677312 4017642 1558143 12426897 3651271 161763784 10535488 54301029 21526356 14464082 54332702 41686995 15214655 82341941 42541170 2564115 76418620 12833290 8666279 18685125 318750 10994249 47232915 18290164 22831961 19657164 4019398 7881288 85437118 24524593 30464559 6402693 59093605 18572619 59362181 5566806 26889552 15311041 17955945 12716220 18481698 639744 1995120 7663900 33048166 1726340 13103779 14029173 9647442 27438572 27024264 1137316 2340465 18152950 26228923 39517679 1889812 19042281 80967414 23780590 1530477 46468038 29075931 26293371 17495565 87828927 70065043 31631278 71946918 990120 16873721 26403717 14940356 7587559 525304 35855540 9128698 5935994 13155642 53533371 38405348 18238694 3762421 52826067 33585225 2056578 5054040 45996548 38865723 11964131 27586020 32040565 7152975 18196373 27163352 10140183 33168778 64222629 50267357 33183095 65123280 6750385 333147 924313 46256733 7195138
25307057 129833455 13184479 2969361 1868056 12745232 75491937 57256952 56920750 27470127 39893672 9496159 79197516 49611301 89770486 39867633 47360641 18502248 495536 2452972 30844905 52533115 52348915 22676280 10565276 107719224 3651271 38439432 110001238 91804719 34640093 60025480 48336600 12217976 4134210 32556167 42541170 22328136 22888321 1548359 20105540 22998340 27195218 10994249 31653847 25950560 10155181 11453726 17057576 12631220 1213363 23627116 21656969 69087092 10808626 22946700 7325136 62335483 21212413 7727822 11719547 7797158 6024264 639744 34031194 244332030 27632901 1726340 7769946 7336867 48634024 73481097 41954774 33075260 14849967 95751201 13862978 10001869 46942287 8287626 50824214 46248767 1530477 52461881 62639260 6810476 86638268 8300737 17297688 1398102 10505059 23003252 24499212 20743087 17432647 2710654 525304 43637846 55856292 657041 21005349 33817585 66946499 24525915 50679498 67413789 1055109 64077622 123965859 32567995 51139141 14354011 11581792 5566258 125998742 5189076 58694447 29444054 57298156 73748548 113989921 33183095 52182823 13790828 333147 924313 12734128 7195138
25307057 139637031 13184479 2969361 54032261 12745232 75788177 21861454 13528128 27470127 171182 21263790 79197516 60243568 45618663 31711788 53188547 80403615 4583727 2452972 32608266 46249208 52348915 9927877 1558143 59636277 3651271 16003804 34580039 61882012 49586604 91097205 54332702 14035361 33823355 32556167 42541170 22328136 20522068 12902880 88399414 22998340 37458697 10994249 58488048 18290164 12519816 8546324 17057576 33921680 120606536 6737576 23157198 80927686 44817381 101438736 30324692 24579468 16845068 23430929 28604871 7797158 47706506 8734879 69540182 56586508 163245690 1726340 7769946 7336867 4414242 51180145 26589331 1593635 34509554 20200126 23512380 27869128 46942287 19042281 5773856 23780590 1530477 33473353 30078619 26293371 182237465 104083857 38042837 31631278 10505059 47909979 16873721 11173529 24965685 39468548 525304 23378326 66156252 26295262 33004883 38427690 30068325 42514211 21803644 67413789 36218127 25348046 123965859 45996548 86030890 14354011 43491686 22928482 26057859 18196373 94463763 70327229 26402681 71015624 52589711 55954928 26543951 23092367 333147 73991092 22815214 7810179
13561161 101888518 63622299 10127688 42043486 12745232 4574109 28509606 10643369 31113996 25791193 21263790 3055791 23117531 45618663 135025987 8323503 18894477 4583727 2452972 50053353 46249208 34236834 22676280 10565276 96233202 3651271 79874764 34580039 91804719 6979053 129034955 13477378 44638705 15409887 92765227 531394 12642616 2648421 12833290 88399414 22998340 23355558 10994249 58488048 18290164 1559309 19582265 79945968 67130227 1265966 17549493 15999458 2915567 13973927 56647704 128815045 56606266 26889552 6171101 10487552 7797158 18481698 639744 4288771 61807293 15569611 1214311 9860119 41380539 9647442 3557009 27024264 38330743 24691255 11569238 21048029 57001644 24773281 19042281 67827096 11854821 25516693 73190998 17831195 1351402 59369829 54354064 31023720 57478255 10505059 15349394 16873721 26403717 24965685 12483767 525304 43637846 75942916 5935994 23501009 49311740 37010980 65058503 28399035 9019839 8820809 92305755 17106983 69184166 35132427 23102968 100634087 13437134 131045388 18196373 27163352 29444054 95904756 19182856 31041219 51708294 73755067 10275600 1406877 69716241 76318501 2066899
32184365 40508855 85449535 10127688 42352178 4188241 9658563 28262959 37912860 42287965 32369684 13739678 30437969 57504418 25232709 10493831 11782106 21040367 3942631 66474564 8541531 21063991 48304588 22676280 7880079 107719224 3651271 46391258 22991197 1077159 112888094 69110196 15795009 70647555 15409887 32556167 42541170 12642616 26172306 24084050 24095429 18685125 36214858 10994249 55250810 25950560 9519072 6648013 19102632 86541008 566724 4021396 15999458 8510500 59798562 49634394 37961991 65187339 26889552 24878296 16212043 7797158 18481698 639744 28953580 8304383 15569611 1726340 11955277 47859585 47358698 23338149 44573994 81464323 31759324 53199481 55077857 18431591 13914220 19042281 4852681 76551291 170518 46468038 3546525 1351402 90142090 96348444 17297688 53796116 10505059 47909979 19123433 26403717 17432647 14406424 525304 43637846 66156252 34182890 24955412 9305405 25529025 59212733 1497278 26682630 12025196 4863483 5054040 3622487 128757976 33631269 4208354 1675404 26057859 18196373 17260024 24270063 9701078 51158380 68779287 34591551 157878091 25281393 41866856 703669 12734128 3334874
7802148 20334334 13184479 31312792 11067209 12745232 63025095 32222110 4625899 10041554 31136352 33144734 52820306 60243568 70121820 4213665 13032038 14928827 8125736 2937948 81703967 52533115 90724116 22676280 10565276 12761519 3651271 6784298 12474270 61882012 27838302 41013572 4584970 54587104 15489442 1024600 42541170 12543763 4581611 12833290 37274041 18663644 36214858 10994249 10370632 25594832 22831961 6648013 5410629 52535179 22638957 25951975 21656969 566964 12683834 18572619 26852943 24579468 16845068 25135066 31523568 7797158 18481698 639744 46740953 10394921 16359948 1726340 18680976 7336867 4414242 23979894 27024264 9990529 3666843 13848696 65191483 1922073 24773281 19042281 22273856 21205984 1530477 46468038 25390362 6431461 8252532 3042407 63336298 31631278 10505059 990120 16873721 26403717 24965685 2710654 525304 1708208 8073821 146433590 3631533 44075048 19660636 32825289 801169 67413789 70763181 2056578 10609440 32567995 8263329 14354011 12012133 5566258 16186721 18196373 17260024 24270063 9701078 26070201 6970777 33183095 26543951 61804304 333147 39845646 6040157 7195138
13071310 17015694 13184479 10667570 1868056 12745232 4574109 20713222 56920750 27470127 86101458 20752637 8769601 60243568 67154339 60944175 51192895 33129684 19123649 20939622 17302896 16730249 38603101 4017642 9685356 12426897 3651271 55945292 10535488 54301029 21526356 16137671 54332702 44638705 15214655 51044122 42541170 2564115 22888321 21510207 8666279 22998340 318750 10994249 47232915 25950560 15681294 11453726 4019398 7881288 9755183 23627116 15999458 6402693 59093605 18572619 59362181 5566806 26889552 7727822 11719547 7797158 35458146 639744 1995120 7663900 15569611 1726340 34358052 14029173 15568912 27438572 27024264 1137316 2340465 18152950 17119519 1922073 46942287 19042281 69291216 54476066 1530477 17392088 20812316 43074351 17495565 32278621 70065043 31631278 60325222 990120 16873721 26403717 14940356 26516015 525304 35855540 9128698 23727972 13155642 54948209 75248458 18238694 2225856 52826067 33585225 2056578 5054040 56973775 38865723 11964131 27586020 46260791 7152975 16543374 27163352 10140183 29354803 64222629 87073718 33183095 52182823 15494163 333147 924313 5651990 16613585
13071310 62454927 13184479 10667570 1868056 12745232 42820937 20713222 56920750 27470127 86101458 20752637 8769601 60243568 57879462 60378254 51192895 21040367 27262584 20939622 17302896 16730249 133886037 4017642 9685356 12426897 3651271 12453239 10535488 54301029 21526356 16137671 48336600 58495579 15214655 51044122 42541170 2564115 58109175 17090491 8666279 22998340 318750 10994249 47232915 25950560 22831961 11453726 4019398 7881288 9755183 24524593 15999458 6402693 59093605 18572619 59362181 5566806 26889552 15311041 17955945 7797158 18481698 639744 1995120 7663900 15569611 1726340 34358052 14029173 55017059 27438572 27024264 1137316 2340465 18152950 17119519 1922073 46942287 19042281 69291216 66024841 1530477 46468038 29075931 34164510 17495565 87828927 70065043 31631278 60325222 990120 16873721 26403717 14940356 26516015 525304 35855540 9128698 23727972 13155642 53533371 75248458 18238694 2225856 52826067 33585225 2056578 5054040 56973775 25528223 11964131 27586020 46260791 7152975 16543374 27163352 10140183 33168778 64222629 87073718 33183095 65123280 6750385 333147 60001455 40901812 7195138
32184365 5389782 13184479 10127688 125816887 12745232 27886755 28509606 4625899 27470127 61761777 137721496 72685474 49611301 70121820 13972055 8323503 21040367 23176980 2452972 12060161 1967161 1995183 22676280 10565276 35366446 3651271 38439432 34580039 43809909 26524661 79721145 18916988 44638705 15409887 64516342 30247338 12642616 7176766 1548359 9018652 18685125 72607702 10994249 10370632 25950560 10155181 13751623 161185336 5237479 64122307 23627116 31534853 39235114 77475343 14144560 31434849 24579468 16845068 7727822 11719547 7797158 6024264 639744 7198878 6426421 65616693 1726340 26566166 7336867 15568912 51602334 27024264 44666007 14849967 6357009 14233874 45220379 46942287 8287626 50824214 23780590 1530477 33473353 29075931 24375973 75167144 94411635 68192863 10163626 10505059 15349394 16873721 26403717 24965685 14717868 525304 43637846 18519920 52121676 21005349 53533371 156586848 32825289 50679498 67413789 1055109 28620561 5054040 68070395 8263329 808716 31595490 5566258 10272036 18196373 16492813 28639394 57298156 26070201 4851042 6850379 17978247 15494163 333147 924313 53309237 7195138
70069427 70410320 13184479 10127688 62307309 12745232 4574109 57256952 4625899 47536099 9620790 21263790 978533 38843218 70121820 39867633 8323503 21040367 495536 2452972 32608266 28908121 52348915 12700179 9685356 32043842 3651271 38439432 23909840 68631813 26524661 73081062 18916988 17687550 15409887 32556167 41351191 12642616 22888321 1548359 20105540 949181 45470041 10994249 14182174 25950560 22831961 26096331 17057576 7563117 18646979 23627116 31534853 12990612 13791106 68462468 37961991 24579468 2595534 7727822 11719547 1818928 61344466 639744 34778218 23289999 68285057 1726340 1159000 7336867 15568912 3557009 27024264 1137316 61021766 6357009 23512380 55707785 1889812 19042281 50824214 23780590 1530477 3817576 59818393 20754028 26223837 41730893 41644487 9674287 10505059 24446652 12746201 26403717 24965685 39468548 525304 37135603 27359501 7956546 44271665 43091447 3734865 76939731 63355576 67413789 1055109 28620561 10609440 45996548 51139141 5789509 100634087 20388004 103040024 18196373 8292609 20687292 26402681 26541788 4851042 33183095 17978247 13790828 333147 25157177 76318501 7810179
799952 19468977 13184479 10127688 1868056 3766471 41144296 21861454 4625899 36814707 54159797 99081003 20049697 22542142 70121820 39867633 2729275 121319437 19255214 2452972 50053353 21423708 4212015 12700179 29610799 83929890 3651271 35047117 21440965 11717315 26384469 26013447 10794924 44638705 15489442 30337734 42541170 12982391 20522068 30615553 9018652 949181 21902027 10994249 14404622 84555516 10155181 8546324 138259785 77695197 14538472 6737576 8032091 6819069 37398382 34751556 9476607 63168311 8476748 45258848 28604871 7797158 4330895 639744 28953580 8304383 15569611 1726340 34358052 14029173 9647442 21408447 27024264 39131356 2603040 42990785 55367933 44294739 1889812 19042281 31056860 66024841 1530477 17392088 3546525 26293371 86638268 3042407 34389309 31631278 10505059 47909979 16873721 10780354 26032187 37112748 525304 18284558 79866236 68366365 3631533 36950143 30068325 32825289 11962605 67413789 5969938 64239091 10609440 33424861 28341236 14354011 21140199 11819835 26057859 92713001 5019254 24270063 11591887 1565908 44584326 20815462 37292664 9936774 333147 18314621 5651990 7195138
11620388 70141768 81099662 2969361 141792690 5227896 41144296 57256952 4625899 27470127 39893672 248048794 84672445 49611301 70121820 60378254 33948655 21040367 30881930 2452972 133093267 62445198 191147606 27573323 10565276 32043842 3651271 38439432 119619918 91804719 43001263 422206772 48336600 44638705 15409887 32556167 42541170 49211110 21172253 41776538 50981624 949181 72607702 10994249 57378480 25950560 10155181 94669343 17057576 81065866 54852072 23627116 21656969 39577930 77475343 56647704 31434849 65187339 21212413 109022549 11719547 23506131 6024264 639744 34031194 8304383 107585893 40073835 26566166 7336867 60036345 49624994 44573994 44666007 14849967 95751201 56218959 15541717 46942287 8287626 19247202 23780590 10317129 51715573 3546525 34164510 86638268 122703666 73523564 63462497 10505059 41296607 24499212 26403717 32907912 47119503 525304 98479 55856292 657041 24955412 33817585 91104249 32825289 50679498 75213400 1055109 168724615 123965859 18002778 152786592 15610862 31595490 5566258 151100472 5189076 58694447 73912660 57298156 124730555 116331093 44349684 73224860 15494163 41866856 924313 152219815 3581849
7802148 16165186 13184479 10127688 76363597 3766471 75788177 28509606 4625899 27470127 96537563 20752637 182256483 60243568 70121820 119039763 118101046 21040367 27262584 2452972 58278269 41350982 4212015 22676280 62366688 12761519 3651271 9496905 62808774 56195764 43001263 129034955 10794924 44638705 15409887 51044122 42541170 2564115 76418620 21510207 71218020 6224089 14876744 10994249 58488048 25950560 10155181 6648013 4019398 95187626 79867739 26176089 31534853 96580360 77475343 18489150 43642693 12092882 21683819 7727822 10487552 23506131 18481698 639744 7198878 7663900 12671820 1726340 34358052 14029173 89636330 23979894 27024264 44666007 142277140 95751201 71787010 39517679 46942287 19042281 80967414 24705395 1530477 33473353 30078619 26293371 27519784 104083857 70065043 31631278 9670002 15349394 16873721 26403717 24965685 74419806 525304 35855540 9128698 5935994 73534345 76237698 39651909 18238694 3762421 75300807 64551008 118213096 5054040 45996548 8263329 14354011 25740644 11934742 218195680 12324686 9353080 10140183 33168778 26070201 82575725 44349684 78789711 29857854 333147 60001455 75682362 7195138
38165850 71266390 37751021 12736657 25977614 12745232 63025095 21861454 4625899 53515098 5386105 21263790 978533 14787662 70121820 70425716 33948655 18502248 22218893 2452972 152835860 52348299 116940330 11720078 10565276 73451926 3651271 40633518 132894600 15229563 26524661 29383042 46698305 6400241 33823355 4823059 58936781 12642616 20522068 21510207 41195044 18663644 5235585 10994249 10370632 14074124 31038503 6648013 39446 123275058 79867739 6737576 31534853 12990612 59093605 68462468 11884709 24579468 2595534 6171101 11719547 7797158 1569033 639744 50002926 5310577 74855586 1726340 13103779 7336867 15568912 69789378 36154203 92798575 2782631 27613905 97843424 57001644 37490091 19042281 89614412 13130188 3069989 46468038 45644124 15245508 45893232 2755722 17297688 10947694 10505059 47909979 82920865 9030789 11405393 7587559 525304 107499845 42951379 34182890 33650224 1612961 3734865 32825289 11962605 30748811 36218127 21896849 10609440 37620500 65117761 5789509 18317025 63958582 40951625 10651469 27163352 11909961 26402681 26151338 112596107 47053114 26543951 9936774 79634914 1447699 12734128 9496199
