7802148 231972810 13184479 10127688 25977614 3766471 75788177 14056179 4625899 42287965 86101458 27639137 52820306 60243568 25703183 14191890 99430552 18894477 495536 2452972 14443229 112664305 4212015 7163178 29610799 12761519 3651271 38230921 27767680 26126445 43001263 111458816 10794924 77636462 21256902 32556167 9256830 12642616 7176766 12833290 71218020 22998340 17388296 10994249 10370632 31420124 20629298 45407728 27315407 12631220 98551378 6737576 8032091 59908174 2505889 38181615 55342279 65187339 65455278 123663484 10487552 7797158 18481698 639744 12681370 10394921 21333021 1726340 16285441 14029173 88368610 43959696 41380029 81564819 15037302 30146967 49877457 57001644 24773281 19042281 41423179 23780590 1530477 1674076 17831195 34164510 23895323 104083857 1415293 31631278 10505059 15349394 43914595 10780354 7669355 26516015 525304 35855540 92862655 25002800 26128484 53533371 30068325 21176192 3762421 24783028 100207325 32156761 10609440 68070395 35132427 14354011 25740644 63958582 153719623 44402028 9353080 10140183 9701078 1185988 116331093 33183095 37292664 29857854 333147 60001455 55034387 7195138
7802148 145086356 13184479 10127688 41588749 12745232 121759699 21109595 4625899 27470127 15479950 20752637 978533 60243568 70121820 104747425 13032038 9188316 3942631 2452972 58278269 56861056 52348915 7876632 10565276 9044551 3651271 38439432 23909840 56195764 13114206 14464082 54332702 41686995 2503599 37885013 10829913 1952947 74208727 21510207 21866280 11286437 32891874 10994249 14182174 14362167 20629298 6648013 4019398 33921680 79867739 23627116 31534853 23923378 23812288 38181615 37961991 9010686 20031371 7727822 11719547 7797158 48466603 639744 12681370 10394921 12671820 1726340 1159000 14029173 18820445 18317134 4680196 44666007 14849967 27613905 13862978 39517679 46942287 19042281 69291216 23780590 1530477 20506539 62667610 18888747 99631473 32278621 73523564 1398102 9670002 15349394 51940969 11173529 23128318 44618434 525304 35855540 14191245 25002800 73534345 38427690 3734865 32825289 3762421 67413789 64551008 46920659 10609440 45996548 8263329 11592130 27586020 5566258 119962621 45373602 17260024 10140183 9701078 26070201 84375915 33183095 52182823 15494163 333147 924313 53309237 36185192
129021328 197073848 7787371 94216160 141792690 12745232 4574109 57256952 66191506 74719064 123417832 137721496 108682275 214988170 75989223 148410436 7753237 21040367 30881930 2452972 68107711 56996426 45419299 110594932 10565276 91502459 58305778 143892781 34580039 91804719 43001263 5364780 48336600 44638705 15409887 74091585 87890603 25762712 133669517 70633353 198527978 49685976 227001007 10994249 80914069 25950560 16532348 38117314 161185336 44768250 18646979 23627116 31534853 163786775 105722894 68462468 233654470 65187339 68542848 14333510 11719547 123648894 48466603 8734879 73572541 104347228 306366627 1214311 26566166 41380539 55017059 146037518 39710019 44666007 40977543 54971471 17119519 41189854 34429946 19042281 41716471 21205984 11386779 65899864 62667610 193907842 99631473 169561454 73523564 102655983 12135679 41296607 19123433 20743087 106448672 26516015 525304 318289984 209430488 32585371 82684668 53533371 92845158 32825289 132862521 111578794 1055109 152304393 30913729 95994621 8263329 210737662 124805475 82061995 268425406 86315196 58694447 10140183 33168778 26070201 116331093 55954928 83500532 15494163 258932345 25157177 107557624 45443549
13071310 62454927 13184479 10667570 1868056 12745232 27886755 7752961 56920750 27470127 86101458 20752637 978533 60243568 67154339 31711788 8323503 15767900 3942631 2452972 17302896 16730249 38603101 4017642 9685356 12426897 3651271 38230921 5309122 54301029 21526356 16137671 18916988 5487690 15214655 108223956 42541170 2564115 22888321 21510207 8666279 18685125 318750 10994249 14182174 25950560 13243896 11453726 4019398 7881288 79867739 24524593 31534853 6402693 59093605 18572619 59362181 5566806 2595534 1108540 17955945 7797158 18481698 639744 1995120 7663900 21333021 1726340 34358052 14029173 18820445 27438572 27024264 1137316 2340465 18152950 13862978 1922073 46942287 19042281 62638233 23780590 1530477 33473353 29075931 24375973 66915556 61836484 70065043 1398102 12792244 990120 16873721 26403717 14940356 47119503 525304 35855540 9128698 23727972 13155642 1612961 3734865 18238694 3762421 58806719 33585225 2056578 5054040 56973775 117107186 11964131 27586020 46260791 7152975 18196373 19367702 10140183 33168778 45474480 87073718 33183095 64592319 29857854 333147 60001455 7424833 7195138
32184365 52843841 7787371 31312792 1868056 12745232 4574109 32222110 37912860 27470127 86101458 151877165 978533 17718935 46985154 32501671 26947611 21040367 3942631 2452972 50053353 56861056 107597951 7876632 10565276 12426897 3651271 12453239 89384428 1077159 5068242 69110196 48336600 44638705 15409887 32556167 23836715 2564115 21172253 21510207 21866280 986616 22627725 10994249 10370632 25950560 23640 36036054 50854925 7881288 1213363 23627116 15999458 39235114 13791106 56647704 31434849 24579468 2595534 7727822 11719547 7032251 18481698 639744 28953580 23959140 9796199 1726340 34358052 7336867 640304 73481097 44573994 33075260 2340465 54971471 17119519 41189854 24773281 19042281 72113132 23780590 1530477 20506539 62667610 6810476 34423398 32278621 143970406 31631278 9670002 46033721 39938233 26403717 20413035 47119503 525304 4169041 27359501 23727972 14881495 38427690 3734865 32825289 49199522 52826067 33585225 28620561 5054040 45996548 13312217 14354011 31595490 11819835 122746525 45373602 27163352 20687292 112891073 50934268 116331093 33183095 6010496 13790828 333147 924313 34843373 7195138
5876842 60846274 20396576 10127688 99753508 4188241 29698303 17258522 66191506 107624873 2700717 113697518 48471442 104568717 107837821 97926299 33948655 121319437 30881930 2452972 10006387 77665613 44717486 25917929 29610799 32043842 81392977 82094862 43698027 20656453 68078212 21395823 34397746 44638705 31729740 34661865 531394 37923954 21253027 12833290 50981624 949181 68661531 10994249 10370632 1705593 67165275 63329124 73744928 101046867 127115643 79641668 11476717 12292136 44817381 56647704 9217576 65187339 37450946 1108540 30230651 104165778 18481698 18422277 31377114 10394921 1155304 16937036 13103779 26467824 4414242 14662314 29734872 1593635 30208762 95751201 56218959 41189854 46942287 19042281 230729 59311719 170518 21803868 62216281 27963670 90142090 104083857 7911947 33217793 129997029 17312904 88494155 26403717 85968388 7587559 525304 98479 29609684 34182890 10953504 1612961 110063125 59212733 50679498 68199053 9238479 167625209 37304169 45996548 141763510 23102968 15318624 17114100 11480664 26560855 99351187 73912660 9701078 3788776 116331093 27802395 61437471 107947082 41866856 46058541 108324823 7195138
5876842 21945488 13184479 3617533 61412054 3766471 192841111 32222110 30789581 13769167 39893672 48389332 35931173 60243568 42005255 51235118 16853472 52593698 4583727 2937948 31642479 7748068 4212015 30300967 23574465 31086836 3651271 76046428 39764565 20656453 44874489 26013447 10794924 44638705 13201891 26302500 9965949 12642616 23698081 37070958 2115451 18663644 41262390 10994249 5935941 25045324 22831961 12886561 17057576 95211786 127115643 20448712 11476717 1137888 77475343 3024392 50275560 24579468 21212413 25135066 84232849 104165778 4330895 18422277 8332889 75703294 1155304 1726340 1159000 14029173 55017059 14662314 27024264 39131356 30180514 29691018 57976300 21857012 1889812 19042281 230729 21476360 1530477 21803868 17831195 4156311 45893232 97365970 34389309 27296216 37613221 24958164 2854923 26403717 23940823 26516015 525304 3583857 26614755 29167265 82486678 11289837 110063125 36169029 50679498 50750034 1544448 24138786 17106983 99363231 71739493 13136347 7145572 17114100 12187849 79354060 9353080 10140183 26402681 3788776 13440102 1003222 26543951 5174337 333147 160678947 3043551 7195138
23339507 127722290 13184479 10127688 62307309 12745232 36656871 57256952 4625899 74719064 24464597 21263790 29130529 49611301 70121820 25028522 61733913 14928827 3942631 2452972 58278269 1967161 52348915 22676280 10565276 91002802 3651271 49922823 32522476 68155280 26524661 29383042 69468418 18983013 7959686 15454990 9256830 12543763 22888321 28361234 9018652 949181 45470041 10994249 2476406 22395575 22831961 94669343 79945968 95211786 32341764 23627116 8032091 12990612 13791106 34751556 37961991 5566806 18685279 111007064 11719547 1818928 18481698 639744 54499212 61807293 18078431 143372933 1159000 14029173 8069440 21408447 29843332 38330743 13435335 604362 23512380 57001644 39511423 19042281 50824214 23780590 1530477 35534855 85599003 1351402 117790531 41730893 143970406 31631278 10505059 47909979 52130229 26403717 19975656 7587559 525304 43637846 27359501 23727972 23501009 1612961 37010980 76939731 63355576 2090052 1055109 21896849 10609440 11507680 44966366 5789509 116309472 26686533 10272036 18196373 17260024 24270063 8002705 45474480 72807330 145288602 83119611 15494163 333147 25157177 76318501 7195138
25307057 60846274 13184479 44990615 137180010 12745232 41110479 39854433 56920750 92747545 78593806 124159555 79197516 38843218 159019154 104747425 47360641 18502248 8125736 2452972 108484756 13799298 1326785 11720078 24625300 19049009 3651271 143892781 34580039 91804719 65683633 26013447 34397746 89659124 15214655 32556167 42541170 12642616 81871632 41776538 88399414 22998340 40742131 10994249 5893701 25950560 22831961 11453726 5410629 67749763 64517681 69030943 31534853 96580360 77475343 56647704 11884709 65187339 37450946 6171101 48648655 42356331 18481698 8734879 66464428 85876235 94938098 164356628 26566166 7336867 18820445 51180145 29843332 18739391 58724453 42990785 13862978 57001644 34429946 19042281 80967414 23780590 280041 3817576 44901213 15769685 99631473 100512209 82267318 1398102 10505059 4105657 19123433 17207181 14940356 12289620 525304 122774714 5141649 68366365 61108067 53533371 47481765 25629198 50679498 81831463 12025196 128093042 105847073 37620500 139649599 7194078 21461095 19239628 26057859 10651469 27163352 11909961 26402681 71015624 107779744 149232408 64592319 9936774 333147 73991092 44191906 7195138
32184365 120375341 13184479 2969361 127849478 12745232 4574109 29171108 4625899 27470127 11915186 43044956 978533 49611301 70121820 32501671 70817828 14928827 10498559 2452972 6257634 1967161 48304588 30300967 10565276 32043842 3651271 75549175 27767680 43809909 26524661 79721145 48336600 44638705 15409887 32556167 42541170 12543763 22888321 1548359 20105540 22998340 15222224 10994249 31472737 25594832 10155181 13751623 29029994 52894453 25215551 23627116 23157198 5058094 13791106 56647704 31434849 24579468 12132222 103031575 11719547 7797158 18481698 639744 34031194 61603067 27632901 1726340 16285441 4095592 60036345 23979894 25288032 9990529 14849967 6357009 56218959 39970985 46942287 19042281 50824214 23780590 1530477 17392088 20812316 26293371 86638268 41730893 38042837 31631278 10505059 41296607 24499212 11173529 19975656 47119503 525304 43637846 27359501 45586308 21005349 33817585 3734865 81024152 2225856 67413789 1055109 21896849 10609440 3016120 11366464 14354011 31595490 47442142 10272036 86315196 17260024 24270063 29354803 73748548 4791918 6850379 17978247 15494163 333147 924313 46256733 7195138
25307057 9283764 13184479 10127688 137180010 12745232 39518510 25101055 22383659 53515098 3077042 20752637 54634597 60243568 97401798 104747425 164177729 21040367 8125736 2452972 58278269 65802088 25510361 27573323 2410503 2470502 3651271 15826073 115141263 20656453 49586604 45553747 9960385 44638705 33823355 32556167 87890603 12642616 22888321 41776538 9018652 22998340 4562938 10994249 10370632 29024468 10155181 475855 5410629 95211786 48916931 2763495 1704005 12292136 14504135 56647704 7176598 65187339 39766079 123663484 11209212 44588483 18481698 8734879 46820269 8304383 36345193 1726340 7769946 14029173 40051386 1127723 27024264 111014362 9926118 604362 23512380 39517679 34429946 19042281 25809120 23780590 1530477 17392088 3546525 1351402 50623777 35732643 73523564 31631278 129997029 29060417 16873721 26403717 32907912 7587559 525304 43637846 61498447 32585371 24955412 53533371 46436177 3136695 5996934 101599761 64551008 21896849 59148576 68070395 59080319 11846597 258970085 26686533 40951625 13241017 27163352 10140183 26402681 45474480 5019727 111583420 185924801 53547410 333147 73991092 128134414 7195138
25307057 282660566 288799073 10127688 137180010 12745232 121844045 173117958 59158902 53515098 96537563 19633593 54634597 22542142 7297121 95262415 57443294 14928827 324371 512449110 50053353 36475129 52348915 203344959 62366688 59088155 81392977 49922823 85347906 830100 131192657 129034955 67473787 89659124 33665805 51044122 245784785 12543763 91444066 109423826 48060875 67523238 170350776 10994249 229186597 83457296 35594242 8546324 204461924 77695197 144866876 296577878 15999458 139859688 82336780 110317977 33015699 63168311 107393424 25135066 97788416 123648894 130489897 18422277 28953580 115074350 15569611 1726340 34358052 47859585 86017307 51180145 123029813 160643958 167125188 604362 33366238 44539931 42537678 19042281 195042087 100466392 25516693 46468038 744512157 91142429 6992744 36182505 395957736 72766226 60203920 24446652 14326384 26403717 43085331 95953510 525304 43637846 20373828 26295262 511606613 64539980 127817669 59212733 103713283 223860288 152276919 79745773 17106983 122914215 87345587 97134013 21140199 119759461 26057859 32432377 27163352 325754418 26402681 45474480 41734687 427887182 428916030 81288399 71569402 74209826 162564257 25166450
25307057 1547931 1012722 2969361 1868056 12745232 39518510 158677345 6272859 3885382 68040378 28642965 54634597 31530469 94345913 104747425 24378110 14928827 324371 2452972 58278269 39884000 34640939 27573323 62366688 8060425 3651271 62992169 44867524 830100 49586604 31884617 42076312 44638705 33823355 34661865 42541170 12543763 47801243 12902880 48060875 22998340 115385542 10994249 58488048 12993379 5742133 88329658 90985235 95211786 79867739 69030943 8476056 80927686 71922834 56647704 35817613 65187339 8646076 7727822 28604871 34021208 18481698 18422277 67048226 61807293 47019403 139184361 34358052 14029173 18820445 84480182 29734872 55589323 99847031 95751201 134199917 43884210 46942287 19042281 64676538 194899492 1530477 6311735 134363995 26293371 34423398 169561454 132870042 31631278 20343047 24446652 12746201 26403717 43085331 87006231 525304 43637846 69159387 5408768 75917444 53533371 127817669 25629198 27273184 203802971 112873907 25348046 123965859 144553219 126005460 14354011 100634087 73485683 173207653 5940629 19232051 10140183 26402681 73748548 66772818 47053114 47175603 6715885 333147 73991092 22815214 7195138
25307057 61815360 5004070 25716779 38249090 12745232 4574109 21861454 36563039 104978699 96537563 148748435 54634597 87892374 97401798 27006520 33948655 5293673 22218893 30894791 36466448 15212389 90724116 185893731 118813739 24403809 58305778 13706076 34580039 91804719 39608578 54523763 46633415 2727417 2289440 122682571 284037686 12543763 20522068 17090491 4770683 49685976 37458697 10994249 76287835 25950560 10155181 31862932 12551448 157012420 10331276 6737576 15999458 19251391 14504135 40923525 35817613 65187339 42147345 19189781 64657009 7797158 72958476 18422277 28953580 44454484 9355128 40073835 26566166 20506645 15568912 146037518 27024264 27071476 9926118 19045825 13490318 10001869 46942287 19042281 58265887 11854821 10766766 73190998 115865175 24375973 15245144 169561454 73523564 54164690 12135679 31596012 16873721 26403717 17376256 86948944 525304 22767450 64089726 77231296 75917444 1612961 30068325 3136695 33977065 67413789 25573142 25348046 17106983 121616885 59080319 11846597 124805475 63077518 37074716 26560855 27163352 18233960 71570163 112860858 94711423 24309678 37292664 47091847 31613479 74209826 22815214 14140776
25307057 237784579 81099662 12736657 25977614 12745232 158796529 14056179 66191506 33797347 96537563 27639137 4829201 2462612 7297121 159649497 8323503 141619160 495536 2452972 31642479 112664305 181192175 7163178 2757464 32043842 3651271 38230921 27767680 20656453 10435570 119967539 18916988 44638705 25509178 108285435 531394 12642616 91444066 37070958 50981624 22998340 2634144 10994249 10370632 31420124 20629298 45407728 140705999 5237479 98551378 69986434 15999458 98322417 77475343 38181615 13955532 24579468 137862908 25135066 11834595 112524500 14563262 3668402 28953580 10394921 15569611 212898733 16285441 7336867 89636330 6275280 44573994 81564819 15037302 30146967 49877457 30354986 46942287 19042281 14115212 23780590 25516693 46468038 18613787 34164510 23895323 104083857 1415293 102655983 10505059 47909979 94416100 11173529 13914549 87191701 525304 72607250 164502087 25002800 26128484 64539980 104403886 32825289 39837243 71705591 100207325 39465450 17106983 45996548 152786592 41080232 173969764 122082491 154265284 44402028 27163352 50871172 9701078 1185988 68779287 47053114 26543951 9936774 11363249 60001455 184694976 17297813
5254208 121999525 7787371 10127688 83379810 12745232 4574109 5519376 4625899 27470127 25791193 20752637 978533 14787662 1234531 104747425 33948655 21040367 3942631 2452972 50053353 16730249 37173556 4017642 10565276 12761519 3651271 38439432 23909840 68631813 17442857 68925280 48336600 44638705 15409887 8979427 42541170 5827670 35040233 21510207 8666279 1149973 40742131 10994249 10370632 14074124 22831961 6648013 94281736 54761824 25215551 7357096 1704005 28704027 14504135 45190160 11884709 5566806 26889552 6171101 11719547 7797158 48466603 639744 28953580 63665975 15569611 1726340 26566166 14029173 47254365 1127723 36154203 9990529 3630710 54971471 65191483 39517679 23683780 19042281 80967414 50300872 1530477 57244154 28613145 1351402 45893232 18540500 49017322 10947694 10505059 38107613 24835556 9030789 11405393 44020134 525304 22716938 1168472 13857018 33650224 1612961 3734865 32825289 5996934 67413789 36218127 7909370 10609440 56973775 8263329 5789509 100634087 26686533 118974943 10651469 19367702 10140183 33168778 26070201 72891166 32543376 83500532 9936774 333147 42198015 52908933 7810179
10215334 20334334 13184479 31312792 62307309 3766471 63025095 28150632 4625899 74719064 42639854 43044956 23856951 60243568 70121820 4213665 13032038 100012679 14590208 8582215 100428943 52533115 4212015 16695132 10565276 107719224 3651271 6784298 15970835 61882012 32332222 41013572 4584970 44638705 33823355 1024600 42541170 3270608 42629672 41776538 9018652 22998340 45470041 10994249 10370632 25594832 22831961 6648013 147647487 54761824 25215551 25951975 1533884 566964 12683834 22946700 26852943 17054570 26889552 47257708 13414455 12716220 18481698 639744 46740953 63665975 16359948 98238235 1159000 7336867 4414242 21408447 29843332 95944 29208139 95751201 65191483 1922073 46942287 19042281 78780650 21205984 603022 10310252 64977947 26293371 24458163 6708668 141606020 2923775 10505059 47909979 52130229 26403717 24965685 2710654 525304 14040043 8073821 101090927 3631533 12780126 156586848 58359337 801169 66971070 52880779 33925345 10609440 68070395 8263329 5789509 12012133 5566258 16186721 12395365 9353080 58358807 55954561 26070201 6970777 33183095 11144276 23092367 333147 38392986 6040157 7195138
