32184365 110017950 13184479 10127688 62307309 12745232 75788177 32222110 4625899 10041554 55010224 43044956 978533 60243568 70121820 4213665 13032038 21040367 8125736 2937948 50053353 52533115 52348915 22676280 29610799 49005867 3651271 3049245 4503001 22254634 27838302 57635847 48336600 54587104 15409887 1024600 22701868 12642616 42629672 12833290 9018652 18663644 36214858 10994249 10370632 25594832 22831961 6648013 5410629 52535179 22638957 39061245 15999458 566964 12683834 18572619 64786398 65187339 16845068 25135066 31523568 12716220 1569033 639744 28953580 63665975 15569611 1726340 1159000 14029173 9647442 21408447 2785921 1593635 95751497 18152950 152764894 1922073 46942287 19042281 5773856 23780590 1530477 46468038 25390362 65799050 19327565 3042407 153269974 31631278 10505059 990120 52130229 26403717 24965685 2710654 525304 1708208 8073821 26295262 3631533 44075048 3734865 76939731 11962605 86109224 81882082 2056578 10609440 58500280 8263329 14354011 12012133 5566258 16186721 18196373 27163352 29444054 19411598 26070201 6970777 62346957 11144276 61804304 333147 15408004 6040157 7195138
25307057 43782849 76559566 145356272 141792690 12745232 67935243 105655164 103058441 15916153 96537563 124508692 54634597 60243568 185660087 159649497 84048453 53628680 324371 30894791 32608266 81126737 43020983 22676280 43561993 26792645 3651271 13706076 135855988 830100 13254992 104792251 69468418 25861008 2289440 260504747 25735557 12642616 75178221 1548359 4770683 22998340 43168118 10994249 2906814 2020146 32927269 81221169 281793974 80801484 135613405 69986434 15999458 1961036 357866170 56647704 7176598 65187339 26889552 68347721 90826875 7797158 18481698 9578677 28953580 61807293 7981096 1726340 34358052 47859585 9647442 13949428 13539231 27071476 79439321 95751201 13490318 57001644 46942287 1891760 174187150 17979944 25516693 73190998 29022299 267442836 189529641 98350837 73523564 17674188 140251708 9843741 135577417 26403717 24965685 138913997 525304 44907936 66156252 284454376 111795380 10756582 49376558 76939731 31634827 26682630 152276919 117132215 17106983 45996548 458014 291640211 8071907 122082491 173207653 13241017 27163352 6176711 7981261 5691197 88394579 300687673 17719310 81288399 33575358 27972358 17695055 7195138
25307057 61239958 13184479 10127688 57490924 7136583 10979462 25101055 39442722 31113996 5386105 29444805 12702596 31530469 50853315 47785271 34872738 14928827 12329336 2937948 6257634 13799298 37173556 27573323 2410503 24403809 3651271 38439432 7835521 56988403 10649237 20611320 48336600 18232760 2289440 31637031 531394 12543763 91444066 12902880 85584925 18663644 318750 10994249 10370632 18290164 22831961 26096331 12551448 95211786 25215551 69986434 1704005 12990612 44817381 12104393 10601792 20494064 107393424 1108540 52551539 7797158 18481698 8734879 36344307 10394921 21333021 40073835 7769946 7336867 4414242 1127723 27024264 9990529 9926118 604362 6704911 38561948 34429946 19042281 62638233 23780590 1530477 3817576 17831195 27963670 15245144 94411635 73523564 31631278 10505059 32238565 16873721 11173529 26032187 39468548 525304 43637846 84866263 657041 15037285 53533371 22773792 3136695 5996934 30748811 36218127 31913017 10878302 45996548 11366464 8186911 43491686 87967004 7711655 618915 17260024 18233960 9701078 5691197 4851042 16419135 26543951 6715885 333147 51635512 41760103 7195138
32184365 60846274 13184479 10127688 9033075 12745232 63025095 7752961 56920750 56486116 25791193 20752637 978533 30429834 61066598 40743048 8072171 21040367 3942631 2452972 17302896 28908121 1326785 22676280 10565276 62661659 3651271 38230921 23909840 65780237 49586604 14452577 18916988 44638705 21256902 22118339 42541170 12642616 22888321 21510207 4770683 19542579 43168118 10994249 10370632 63377387 22831961 11453726 29029994 26112684 29147286 10479783 1704005 28704027 22373149 56647704 11884709 5566806 26889552 25135066 11719547 7797158 18481698 639744 28953580 61044550 7590338 100027801 1159000 5335767 47254365 1127723 27024264 15095114 29208139 27613905 54557916 39517679 23683780 19042281 61813662 6234294 280041 46468038 67925277 10732820 17645557 94187914 17391524 495030 3405515 24241532 16873721 9030789 11405393 47119503 525304 27989563 1168472 23843410 61108067 53533371 3734865 29219648 5996934 7228362 70763181 15616098 17106983 56973775 30586562 14354011 98408420 116570558 24125034 18196373 254282 10140183 33168778 49883072 112596107 24981493 11547178 9936774 333147 31447473 4361437 7195138
38165850 60846274 50270615 45699269 130246071 12745232 4574109 53957794 42014630 31113996 25791193 21263790 978533 60243568 11220607 159649497 70817828 21040367 46425666 2452972 50053353 77665613 181192175 22676280 108817531 83929890 3651271 143222186 34580039 20656453 49586604 54523763 34397746 89653390 33823355 32556167 42541170 12642616 22888321 41776538 4770683 22998340 43168118 10994249 58488048 41301736 12519816 211036066 26113853 123275058 51272400 10479783 15999458 28704027 61709328 68462468 11884709 34727552 2595534 25135066 11719547 7797158 72958476 18422277 28953580 8304383 15569611 102785545 34358052 5335767 64687334 69789378 72031586 27071476 40977543 11569238 54557916 57001644 46942287 19042281 61813662 200282239 25516693 46468038 3546525 10732820 127685595 94187914 143970406 119554822 10505059 24241532 19123433 26403717 24965685 209369898 525304 189582180 69159387 27937714 24955412 51653638 3734865 66478086 63355576 4598548 36218127 25348046 17106983 45996548 133495517 107080724 20069984 80580093 131045388 18196373 16492813 13288898 41740616 45474480 72911432 24981493 71946748 9936774 1406877 31447473 22815214 17297813
7802148 121999525 7787371 10127688 25977614 12745232 21734798 41336724 56881521 53515098 25791193 21263790 978533 46633980 1234531 73291526 22825236 7271042 18609309 2937948 32608266 16730249 37173556 4017642 10565276 12761519 3651271 38439432 23909840 80980532 26524661 73081062 48336600 17687550 33823355 8979427 30247338 12543763 25748146 21510207 8666279 8287687 40742131 10994249 10370632 25594832 9519072 6648013 17057576 88941641 18646979 7357096 1704005 28098079 13791106 56647704 11884709 5566806 2595534 6171101 11719547 7797158 18481698 639744 28953580 63665975 15569611 1726340 34358052 14029173 47254365 1127723 36154203 1593635 13435335 54971471 13862978 51964663 17113533 19042281 5773856 50300872 1530477 8785340 29075931 1351402 45893232 18540500 17297688 1398102 10505059 41296607 18242595 9030789 11405393 11047387 525304 22716938 1168472 191035517 44271665 51653638 3734865 76939731 5996934 31160684 1055109 7909370 10609440 56973775 51139141 5789509 100634087 26686533 155012300 10651469 27163352 11909961 56035551 36079580 13247906 32543376 83500532 9936774 333147 25157177 5651990 7195138
7802148 129833455 7787371 10127688 62307309 3766471 4574109 111136478 39394001 74719064 42639854 68367056 978533 41290023 89770486 39867633 16853472 14928827 495536 2452972 32608266 62445198 4212015 27573323 10565276 12761519 3651271 6784298 5309122 43809909 10649237 11007018 10794924 41686995 15409887 30925472 42541170 12543763 22888321 12833290 47341948 949181 12751524 10994249 10370632 25594832 22831961 6020821 67922834 5237479 25215551 23627116 15999458 12990612 46926373 45190160 26852943 21303490 2595534 7727822 11719547 1818928 6024264 639744 28953580 5310577 15569611 23585756 1159000 7336867 18820445 23979894 41380029 9990529 14849967 27613905 65191483 49518231 46942287 8287626 50824214 21205984 1530477 57244154 29075931 65799050 8252532 6708668 83178318 9674287 10505059 12398049 52130229 14004865 37025389 47119503 525304 23378326 8073821 7956546 26128484 38427690 3734865 32825289 801169 81831463 1055109 103109476 17106983 45996548 8263329 5789509 31595490 11934742 118974943 26560855 9353080 10140183 33168778 26070201 4851042 33183095 69739374 15494163 333147 924313 6040157 7810179
25307057 124570557 13184479 10127688 28413781 12745232 41144296 98917720 56920750 53515098 86101458 43044956 52820306 60243568 121470719 4213665 13032038 21040367 30881930 8582215 58278269 103779680 44717486 16695132 29610799 107719224 3651271 38230921 26497743 4190754 32332222 54336053 48336600 44638705 14980740 28231245 42541170 22328136 75178221 12833290 49849162 949181 43278369 10994249 11139440 22395575 10155181 36036054 109604361 54761824 25215551 33480108 31534853 12990612 77475343 56647704 151230615 65187339 16845068 1108540 127338624 12716220 18481698 639744 151165568 174453154 36345193 1726340 1159000 14029173 9647442 146037518 2785921 9990529 3630710 18152950 97843424 1922073 1382240 19042281 78780650 94033610 1530477 46468038 29075931 24375973 8252532 27312935 71309933 31631278 10505059 54820914 52130229 26403717 24965685 26516015 525304 43637846 89493920 220593459 73534345 53533371 106275324 76939731 45153869 101599761 139771717 12603912 45291312 45996548 80508279 14354011 116309472 46260791 16186721 18196373 4291999 63583098 164657997 45474480 6970777 33183095 118721329 23092367 333147 31986332 128134414 7195138
799952 21945488 7787371 10127688 72887977 12745232 36656871 32222110 4625899 27470127 80993208 29444805 4829201 25762096 7297121 77952756 2729275 14928827 30881930 2452972 14140142 62445198 48015224 27573323 10565276 35366446 3651271 38230921 21440965 43809909 5804463 20611320 54332702 44638705 15489442 30337734 42541170 12543763 35040233 14356518 9018652 949181 45470041 10994249 8887445 36232125 13243896 52146317 138259785 95211786 34308104 39061245 8032091 6819069 13791106 56647704 33015699 65124232 2595534 7727822 28604871 7797158 14803189 639744 28953580 5310577 15569611 1285805 3070617 14029173 53274217 21408447 27024264 39131356 55913100 42990785 71787010 41189854 1889812 19042281 62638233 17715920 1530477 30436279 25390362 12213438 24458163 3042407 34389309 31631278 10505059 11695249 8181043 10780354 26032187 37112748 525304 5680857 27359501 45228631 3631533 1612961 160906800 32825289 42156433 67413789 5969938 64239091 10609440 33424861 16238293 14354011 43491686 63057295 26057859 618915 17260024 20687292 11591887 5610415 37511689 20815462 89728811 61804304 333147 39845646 92540964 7195138
25307057 204818140 13184479 10127688 25910147 12745232 9658563 32222110 19162425 42287965 31136352 117986504 8769601 1440275 97401798 71264342 16474911 16684006 3942631 2452972 50053353 15212389 23128378 27573323 7880079 107719224 3651271 13706076 2152463 8461552 39673243 16935723 13769604 44638705 15409887 37885013 18387365 12642616 31306232 14356518 24095429 22998340 318750 10994249 10370632 25950560 10155181 88329658 138852116 45028300 91567142 57551864 2871081 12292136 44817381 56647704 117969175 63168311 35673074 15399596 3789032 45010464 18481698 18422277 28953580 11516470 15569611 1726340 7769946 14029173 4414242 4486895 27024264 120625455 22236584 27613905 23512380 57001644 46942287 1891760 76254131 65387561 1530477 21017046 17831195 62497988 34076539 106145519 48720561 31631278 105794091 11695249 8181043 26403717 32907912 15192367 525304 3406297 93765590 45228631 6189676 10628137 49376558 88361223 11962605 86109224 83423117 72616918 17106983 68070395 28341236 14354011 21140199 73485683 40435555 76737206 27163352 44867521 26402681 7920300 107930616 20815462 73033190 44673250 333147 60204748 128134414 2066899
25307057 522476 13184479 10127688 1868056 12745232 13246730 32222110 48360565 53515098 59062604 41420815 8769601 25762096 118798111 2174537 33948655 21040367 3942631 2452972 9707577 112664305 43020983 7201985 34955897 107719224 3651271 13706076 15748529 68631813 42422844 41013572 21020675 44638705 2289440 39254331 42541170 12642616 47801243 8780955 4770683 22998340 4562938 1304720 58488048 25950560 22831961 53239987 168456209 19828870 33519234 9575449 14517516 1961036 14504135 56647704 52306983 63168311 35673074 25135066 64657009 23506131 18481698 18422277 96844878 11516470 3035295 1726340 7769946 14029173 4435764 23979894 23557186 27071476 2965661 56294958 13490318 39970985 29808812 19042281 64510143 26559259 1530477 46468038 115865175 62497988 126973601 46465660 48720561 31631278 10505059 2623718 8181043 10780354 131848258 26516015 525304 43637846 75623778 40632044 26128484 28004100 46436177 101832405 6082138 86109224 48468141 40566290 10878302 112425209 12557386 11846597 21140199 5566258 134928444 26560855 27163352 33658239 166490811 7024962 116331093 16419135 3784307 61804304 333147 27972358 41760103 7195138
25307057 183131124 1012722 21612395 1868056 12745232 57305152 31085904 39442722 42287965 86101458 183514730 8769601 60243568 118798111 59440895 165595761 268537636 5935581 152608731 323679 17150192 79128256 86407323 23574465 53723309 3651271 81139563 39764565 39385331 131192657 26013447 54332702 18232760 9681359 19523514 30790746 12642616 43978067 41776538 49431367 18685125 36211266 1304720 58488048 63377387 21506101 100859830 82381122 95211786 53200604 33768388 25137024 6819069 14504135 56647704 11884709 20494064 109522322 25135066 10487552 12716220 18481698 18422277 50271599 43039559 36345193 1726340 2473688 14029173 89054194 64480995 5460437 126706830 30208762 19045825 23512380 43884210 46942287 19042281 62051422 77613508 1530477 6311735 17831195 34164510 34076539 26553776 10054011 31631278 36138668 47909979 52130229 26403717 20413035 37112748 525304 79197703 79866236 45228631 26128484 39325455 4618464 59212733 35156073 30748811 136925364 121712325 33363266 102973324 14353554 11846597 21140199 122082491 46721059 92713001 27163352 13288898 99362701 10900249 116331093 98463152 143167922 137799172 333147 103715916 42000547 7195138
25307057 47197421 13184479 10253640 49640622 12745232 24667844 21861454 56920750 3885382 40211079 20752637 8769601 31530469 59391563 47785271 24378110 14928827 8125736 43484263 71672145 77665613 37173556 11720078 60276960 8060425 1328245 62992169 84055152 91804719 95377140 3278712 34397746 44638705 362006 34661865 19127230 12543763 20522068 41776538 48060875 22998340 37458697 10994249 10370632 25594832 22831961 93588217 5410629 5237479 25215551 6737576 1704005 5058094 77475343 56647704 37961991 65187339 37450946 25135066 18321993 7797158 18481698 8734879 20975762 10394921 1883935 1726340 34358052 14029173 35896829 1127723 29734872 9990529 91047917 61560173 57118894 12713310 34429946 19042281 25809120 14518146 1530477 1791382 20812316 26293371 51718350 20997276 77355447 10947694 60325222 9843741 51940969 11173529 2461488 12289620 525304 3406297 61498447 77231296 26128484 51932226 30068325 41516428 5996934 31160684 36218127 31913017 37304169 68070395 50262070 14354011 177431140 15193193 260650882 10651469 17260024 11909961 9701078 34585296 55835521 16419135 37292664 6715885 333147 703669 41760103 7195138
25307057 522476 1012722 10127688 1868056 12745232 9658563 21861454 13528128 42287965 59062604 96141783 8769601 12265261 77689966 13931278 34872738 28796781 324371 15340352 9707577 69667588 30890606 28806558 2123144 144556977 3651271 13706076 19196554 830100 49586604 26013447 46128033 12006748 21256902 32556167 30247338 160566999 7176766 25058547 49431367 18685125 37458697 1304720 58488048 37795826 21506101 53239987 17057576 64845081 20769962 6737576 23157198 39235114 44817381 68462468 13414756 65187339 73899298 123663484 46651506 7797158 26896522 18422277 125185168 44454484 3035295 1726340 7769946 14029173 4414242 38591790 29734872 23538606 29208139 604362 23512380 34545888 24773281 19042281 80967414 46044340 1530477 6311735 1972380 24375973 70704043 94411635 23852311 31631278 40338695 2995097 52130229 10780354 1068110 39468548 525304 3406297 25974338 77231296 26128484 53533371 30068325 58283719 6082138 35176098 59885229 38428254 33363266 61050182 50262070 6825827 96071783 96780524 7850671 26021545 16579456 9219250 56035551 7024962 34640300 26914086 37292664 11946685 333147 27972358 55034387 29236430
25307057 9940153 13184479 6660046 70972886 12745232 42820937 21861454 56920750 74719064 31136352 9989749 8769601 46633980 25703183 39867633 3981988 57431997 3942631 49656573 9707577 62445198 38603101 35950919 10565276 107719224 3651271 34792907 27767680 68631813 44874489 129034955 34397746 18232760 33823355 55205512 42541170 12642616 20522068 41776538 31305854 18685125 36275927 1304720 58488048 75581241 5742133 57320899 79945968 95211786 79250958 6737576 23157198 39369773 38278202 7847457 10601792 20494064 16845068 25135066 16212043 7797158 18481698 639744 439933 5310577 3035295 82595323 3070617 14029173 9647442 23979894 43548265 75576264 29208139 61560173 23512380 57001644 3402454 19042281 18631035 103984385 1530477 36235947 1972380 34164510 86638268 61172235 23852311 31631278 34589177 54820914 52130229 14004865 26032187 26516015 525304 39545151 93765590 37130642 89439464 20564164 13517114 101832405 36387081 67413789 19197159 86526085 22511345 45996548 71739493 14354011 21140199 63057295 46721059 79354060 17260024 24270063 9701078 72096479 63333288 33183095 31202563 54729143 333147 88183806 55034387 7195138
25307057 60846274 13184479 10127688 70972886 12745232 27886755 134576869 53122172 42989363 86101458 39525721 8769601 41290023 35679950 104747425 3008168 21040367 324371 1642549 58278269 77665613 30293863 7876632 25746588 144556977 3651271 13706076 32669583 830100 131192657 11007018 34397746 118772336 33823355 41718871 23836715 61723130 7176766 37070958 49431367 22998340 38558170 10994249 58488048 25594832 22831961 22059752 94077553 95211786 25215551 19455041 31534853 76906323 77475343 68462468 208652944 65187339 37450946 1108540 52059760 31268806 72958476 639744 115554826 44454484 270333666 1726340 34358052 14029173 40824056 38591790 6132918 9990529 48772842 61560173 71787010 57001644 46942287 19042281 57998325 142413349 1530477 20506539 102698206 247493799 107010477 94411635 81179900 31631278 40338695 47909979 52130229 19049188 43085331 12483767 525304 43637846 92862655 34182890 26128484 128279081 127817669 59212733 63355576 75300807 65552895 128093042 60671235 91268573 33710368 14354011 89181540 96917964 173207653 92713001 94463763 62546609 1323925 72096479 37513415 33183095 82625706 4429433 333147 73991092 75682362 29236430
25307057 22236352 13184479 6660046 70624302 12745232 64979844 21861454 45337359 42287965 59062604 21348453 42896151 31530469 7297121 95262415 32668428 5293673 324371 1642549 9707577 1967161 38603101 22676280 2410503 68054640 3651271 13706076 18562786 830100 5804463 102314194 46128033 44638705 33823355 4823059 42541170 10651738 13148414 1548359 4770683 18685125 37458697 1304720 8887445 65258852 5742133 41533341 17715319 5237479 48916931 6737576 19119308 12292136 23812288 12104393 7176598 39056902 26889552 25135066 10487552 7797158 18481698 8734879 96844878 16417600 3035295 1726340 7769946 14029173 47950415 13949428 23557186 27071476 9050467 604362 23512380 12713310 35208246 6459471 857709 23780590 1530477 21017046 1972380 12213438 41349822 35732643 73523564 31631278 34589177 31596012 52130229 26403717 24965685 39468548 525304 22913937 66156252 37130642 26128484 28004100 30068325 25629198 6082138 50750034 30022698 98661185 33363266 45996548 44966366 14354011 21140199 1854772 10272036 2045109 27163352 28639394 19411598 7024962 5019727 7372651 37292664 6715885 333147 39845646 41760103 7195138
