25307057 60846274 63622299 45699269 62307309 12745232 70660080 118576916 103058441 5011980 96537563 101827441 978533 50509971 157218086 40743048 30958725 44193260 135951621 59165133 47739711 28908121 186857332 27573323 10565276 19049009 3651271 74111278 132894600 25445883 108139316 53809538 34397746 89659124 33823355 57773461 77385159 12642616 2648421 41776538 38201367 22998340 70988958 10994249 58488048 12534274 35594242 36213026 4125588 47531850 50762164 10479783 15999458 81866225 94346270 56647704 94759044 65187339 37450946 7727822 11719547 48709428 18481698 18422277 28953580 138041705 12671820 102785545 1159000 14029173 66504253 61803817 44573994 99212378 40977543 61560173 136182478 57001644 37490091 19042281 41716471 120145852 1530477 46468038 128090203 34164510 124627067 14318843 49017322 189969156 9670002 47909979 52130229 9030789 11405393 35409055 525304 189582180 5141649 23843410 89439464 49311740 3734865 160000274 17641002 34176990 12025196 129422138 17106983 71822832 30586562 14354011 100634087 122082491 164818724 198311472 27163352 80463974 95904756 55913343 43997442 14372146 76496153 15494163 867451 137288258 76318501 7195138
25307057 78744170 13184479 31312792 1697416 12745232 20589325 7752961 19732660 10041554 29120650 33144734 236483 30429834 20118059 39005895 8072171 8728276 3942631 2452972 50053353 36475129 1326785 2215595 2410503 3859574 3651271 10555134 15619 46729682 34640093 21450925 14415876 34187238 4134210 15454990 42541170 2564115 66535980 21510207 24095429 22998340 5235585 9978079 31472737 25950560 10155181 19582265 32320992 17685996 1213363 23627116 12935670 31391330 95912 20152088 18461357 65187339 17224507 7727822 11719547 7797158 18481698 639744 1920714 7663900 7590338 1726340 34358052 14029173 4435764 1689832 47472666 176478046 3630710 6357009 71787010 8024822 33221132 19042281 6752736 23780590 280041 17392088 15084638 6810476 17645557 94411635 17391524 4955074 10505059 19829171 4453606 10737561 16993970 31110565 525304 70843466 17380774 9603271 53684055 11605296 3734865 57763399 14515988 24799047 12025196 19902610 5054040 45996548 87345587 808716 41657191 9458629 45573112 1430948 58694447 29444054 19302769 49883072 38707616 27802395 17978247 15494163 333147 18314621 4361437 7195138
25307057 61815360 25981485 25716779 1868056 6264343 20589325 7752961 4625899 10041554 29120650 40065190 236483 2507509 7297121 40743048 8072171 8728276 22218893 2452972 13478717 9244893 1326785 27573323 442167 98398876 3651271 10555134 15619 2115897 19321563 21450925 6919521 34187238 15409887 15454990 6448356 12642616 20522068 37070958 2115451 18663644 3782314 10994249 31653847 25950560 31038503 56001861 32320992 26112684 1213363 6737576 15999458 7921819 95912 20152088 18461357 65187339 17224507 7727822 11719547 7797158 26272187 639744 2240352 7663900 15569611 40073835 7769946 14029173 9647442 15583862 44573994 18739391 13435335 12432934 23512380 37768117 17113533 19042281 73136182 23780590 280041 38638741 28055320 6810476 17645557 99608989 38042837 4955074 10505059 24958164 5209575 10737561 9887235 11047387 525304 2452111 5674310 6641461 75917444 64539980 3734865 89144518 2711556 11273110 12025196 18805932 10878302 56973775 86030890 14354011 41657191 84517776 21585708 1430948 19232051 33459626 44206128 50069796 12707311 6394601 21252916 9936774 8319658 1196488 51647069 7810179
25307057 71266390 13184479 4639359 1868056 12745232 29459730 87226564 51291963 6196322 18191171 19633593 978533 60243568 7297121 39005895 16853472 14928827 23176980 2452972 192846042 1967161 48304588 4907306 2410503 59088155 3651271 19172296 11561805 91804719 30771978 30612464 48336600 44638705 4134210 37885013 9256830 12543763 32108892 1548359 20105540 22998340 7467186 10994249 58488048 25950560 5742133 53239987 132748091 7563117 50762164 363013 31534853 31391330 23812288 77272544 33015699 24579468 109522322 41085881 75805475 7797158 13502449 639744 7198878 6551282 76900304 1726340 1159000 14029173 7624649 61803817 27024264 48194028 34736415 20200126 57118894 10001869 46942287 19042281 11050417 7265798 1530477 17392088 15084638 24375973 117790531 103173250 72514257 31631278 10505059 41296607 16873721 26403717 26032187 35740991 525304 19414064 26614755 37130642 27760642 838670 3734865 5831168 40158826 67413789 12025196 128093042 5054040 87541080 87345587 14354011 64749029 19239628 10272036 62784009 27163352 54921802 21430625 40436988 4851042 6850379 26543951 13790828 333147 47577510 41760103 7810179
27389917 22236352 81099662 10127688 30085570 12745232 129167968 9365538 103058441 57767016 69788471 19633593 8769601 60243568 185660087 104747425 62512503 12840432 116421960 2452972 32608266 112664305 52348915 27573323 62366688 59088155 3651271 38439432 27767680 32485544 5804463 129034955 67473787 89659124 15409887 305387139 42541170 12543763 91444066 41776538 49431367 22998340 73746094 10994249 8887445 25950560 22831961 8546324 179190894 171078513 123392067 69986434 15999458 126725316 77475343 110317977 270954514 65187339 107393424 25135066 112383469 107338813 79527872 18422277 28953580 16417600 15569611 178629719 16285441 43635306 86017307 388605959 304693566 266554708 99847031 61560173 141274684 57001644 46942287 19042281 24071410 50300872 25516693 46468038 329552857 12213438 290987084 122026186 143970406 67646639 10505059 47909979 461372837 20799026 56048933 280072877 525304 43637846 66156252 5408768 75917444 64539980 312225951 88361223 63355576 115105956 12025196 45450446 17106983 121616885 152786592 38784544 376801378 122082491 173207653 211603561 27163352 325754418 252198538 72096479 116331093 332959278 268686644 185909872 11387878 60204748 162564257 17297813
25307057 22236352 577103 24160978 42462817 4854178 27886755 9365538 66191506 47536099 96537563 9564392 4829201 38843218 7297121 57480514 33948655 14928827 324371 36365660 45414673 46042705 1927075 4907306 9087472 91502459 3651271 19172296 9592355 830100 5804463 19952968 60857595 44638705 15409887 68180759 39192888 12543763 74841208 1548359 20105540 18685125 7467186 10994249 8887445 25950560 22831961 14495074 79945968 95211786 21442131 363013 15999458 19251391 13791106 34751556 33015699 63168311 6207503 7727822 11719547 7797158 18481698 639744 28953580 12602731 9355128 1726340 3351193 14029173 55017059 43494955 44573994 5491174 85453816 19045825 112853756 41189854 24773281 6459471 62638233 76551291 1530477 3817576 85599003 12213438 33734184 30919983 52984891 43995285 10505059 47909979 19123433 20194583 26032187 47119503 525304 77745352 27359501 24232694 44271665 64539980 53482410 59212733 50679498 67413789 100207325 11202127 17106983 37946007 4071763 14354011 21140199 56638720 26057859 26560855 27163352 4233399 3615777 50069796 29990600 44349684 64592319 15494163 29715777 74209826 100655117 7195138
25307057 183577494 13184479 31312792 28339659 12745232 4574109 11416988 56920750 15916153 5386105 157083995 6247353 60243568 61066598 6340755 95561415 21040367 495536 2452972 6257634 13799298 2316853 27573323 23574465 107719224 3651271 42856167 115141263 17357489 38555877 30547793 48336600 44638705 4134210 15454990 42541170 12642616 42629672 41776538 88399414 18685125 96758328 10994249 10370632 165498645 12519816 41689826 114588331 6910485 46464676 23627116 8476056 12990612 14504135 56647704 35817613 39056902 16845068 7727822 11719547 47001466 18481698 8734879 28953580 6426421 15569611 1726340 1159000 9182195 9647442 51602334 44573994 10970270 13435335 61560173 23512380 10001869 46942287 1891760 80967414 23780590 1530477 46468038 17831195 34164510 107919414 98350837 73523564 31631278 10505059 41296607 52130229 26403717 23078932 11047387 525304 39285155 93765590 225431926 14547779 53533371 46436177 36169029 39837243 37728440 5969938 25348046 17106983 68070395 11366464 11846597 30555622 107460864 40951625 13851314 27163352 28639394 9701078 19182856 116331093 24981493 15939855 15494163 333147 31447473 22815214 7195138
7825102 100555037 13184479 31312792 35829513 12745232 61606283 144678830 21389875 47536099 29120650 68367056 978533 30429834 7297121 40743048 26947611 21040367 19255214 2937948 50053353 16984604 16866248 27573323 10565276 107719224 3651271 55945292 88572222 48794994 49586604 41013572 48336600 44638705 33823355 15454990 42541170 12642616 64356136 1548359 9018652 18663644 36214858 10994249 10370632 36232125 15681294 83584641 161185336 67749763 50762164 23627116 15999458 12990612 42003396 42996481 33015699 19581885 2595534 123663484 11719547 42174840 18481698 1076194 28953580 61807293 12671820 1726340 34358052 14029173 9143313 23979894 44573994 81564819 13435335 57648898 179379214 5633211 46942287 19042281 80967414 65088001 1530477 65026614 148615901 34164510 44923195 61323640 17297688 31631278 10505059 51820445 39938233 26403717 16993970 11047387 525304 57081392 93765590 32585371 61108067 53533371 3734865 113651787 11962605 163863793 60331650 128093042 17106983 56973775 12824941 14354011 243764711 24626134 127773091 1430948 17260024 10140183 33168778 30106682 5628995 33183095 73033190 9936774 333147 88961528 5651990 7195138
25307057 231972810 13184479 31312792 25977614 12745232 17968304 134576869 56920750 51473904 29120650 183514730 48523310 30429834 147814790 40743048 8323503 21040367 75816273 56324786 21689838 62445198 273768969 27573323 10565276 98398876 3651271 38439432 132894600 44979869 44874489 129034955 18916988 34187238 33823355 277250787 42541170 12642616 64356136 28361234 9018652 22998340 148142566 10994249 58488048 63377387 22831961 68148608 161185336 95211786 50762164 23627116 15999458 28704027 42003396 56647704 11884709 5566806 109522322 25135066 11719547 7797158 18481698 639744 28953580 48207776 15569611 1726340 34358052 14029173 89636330 61803817 44573994 187784350 99847031 57648898 272112112 5633211 46942287 19042281 80967414 50300872 1530477 46468038 134363995 1351402 374811460 122026186 17297688 4446765 10505059 32232213 18116041 26403717 17432647 11047387 525304 161328110 17380774 9603271 26286619 53533371 91882594 211086719 50679498 67413789 135749155 72616918 17106983 17464270 134164415 14354011 21140199 26686533 42485265 79354060 27163352 13288898 26402681 49883072 116331093 33183095 83500532 9936774 333147 44986395 12734128 7195138
25307057 5414865 17996715 74507032 76666537 162003033 67961355 21861454 238639587 252454114 123417832 59509690 72685474 26063781 92129627 61853982 13032038 108847614 22218893 99483442 66291123 16730249 116940330 4017642 16778338 144556977 3651271 74111278 7825204 91804719 26524661 75532732 9555136 70647555 33823355 359246794 64127374 103640851 20522068 41776538 8666279 15512385 37458697 10994249 29460219 268184437 26533263 6648013 94281736 95211786 40165045 6737576 31534853 51706658 61871335 68462468 94759044 138017062 172680093 25135066 176838095 123648894 27319541 639744 41372268 63665975 220154667 40073835 93132742 14029173 88368610 61803817 44573994 55689350 119828960 61560173 449595167 53979691 37490091 19042281 125057232 310420136 1530477 46468038 224110871 34164510 223229195 122026186 49017322 25810441 10505059 41296607 24835556 9030789 11405393 2820521 525304 31805167 124388878 14831649 106018825 58555261 2554182 81024152 50679498 3852129 52819879 22002212 10609440 26675705 51139141 14354011 149484898 63958582 205058911 7102907 76474386 10140183 33168778 124730555 116331093 67305370 37292664 117513337 41866856 83232211 55034387 94807891
25307057 11028826 13184479 25716779 1697416 12585139 67961355 117500891 17418595 10041554 2566525 21263790 27219897 46633980 41044254 20577890 8323503 21040367 27262584 2452972 9504163 62445198 63309091 22676280 9685356 3859574 3651271 5669546 23909840 1077159 49586604 38816307 4700483 6400241 15409887 13820506 39192888 49964314 22888321 1338312 73606320 16195468 24747053 10994249 31653847 25950560 22831961 53239987 85906780 52535179 50762164 10479783 31534853 12292136 2505889 55795502 90141975 5566806 16845068 6171101 11719547 7797158 27319541 639744 7198878 20852739 12212761 1726340 16285441 14029173 9647442 14483268 27024264 1137316 55913100 6029652 193034126 141898 23683780 19042281 15226032 23780590 1530477 52282981 17831195 16518088 56946007 46166556 37650197 25810441 10505059 8241887 16873721 9286889 20413035 38917018 525304 48107017 26614755 6641461 15037285 5155786 37010980 63456668 11962605 67413789 12025196 22002212 46320946 22498706 34100873 14354011 80114787 20175914 154890939 18196373 58694447 10140183 19302769 49883072 63333288 33183095 83230881 15494163 333147 73991092 34458251 22344522
16168513 225081140 13184479 10127688 61307765 12745232 75788177 134576869 56920750 20468678 86101458 38753552 42999441 38843218 97401798 120615632 138888797 19714107 30881930 2452972 35039537 62445198 2316853 107285926 10565276 50050627 3651271 74111278 9592355 35139609 38555877 60025480 48336600 44638705 33823355 81458736 42541170 22328136 52378559 41776538 88399414 22998340 38836354 10994249 58488048 152312750 22831961 26096331 161185336 7563117 18646979 69986434 15999458 12292136 77475343 56647704 64786398 65187339 2595534 1909403 112383469 37026474 18481698 639744 28953580 12602731 15569611 22570885 16285441 14029173 55017059 23979894 27024264 62390106 34509554 95751201 166398272 41189854 46942287 19042281 80967414 70548850 1530477 3817576 114831897 100515579 245583761 31180241 38042837 31631278 10505059 47909979 16873721 26403717 56662377 47119503 525304 43637846 93765590 146433590 73534345 53533371 75402358 113651787 63355576 200146813 5969938 28400006 17106983 80274373 88861539 14354011 30555622 82037041 153719623 58327266 94463763 20687292 105794160 73748548 116331093 33183095 83230881 108285924 333147 64300871 128134414 7195138
32184365 22236352 39794128 10127688 62307309 3766471 42970090 41336724 4625899 53515098 23260126 72209866 978533 50509971 7297121 13972055 3008168 16684006 19290276 2452972 32608266 62445198 4212015 16884435 10565276 35366446 3651271 38230921 4503001 20656453 5804463 48265591 10794924 23358658 4134210 41005946 42541170 12642616 20452833 12833290 48060875 22998340 2634144 10994249 8887445 12534274 22831961 57320899 27315407 33291290 58094869 20448712 1704005 19251391 18828718 56647704 33015699 65187339 2595534 44192873 131895 7797158 18481698 18422277 6292617 16417600 9355128 1726340 1159000 20506645 47254365 1127723 27024264 4522415 30180514 79965077 24838795 10001869 1889812 19042281 77036726 50300872 25516693 17224247 18613787 12213438 14443045 26553776 77355447 17969640 10505059 23003252 12746201 20743087 26032187 47119503 525304 5680857 7093073 34182890 26128484 1612961 3734865 42514211 5996934 34176990 9741561 31913017 14492109 68070395 8263329 15610862 19077989 19239628 109648018 21387579 9353080 20687292 11591887 5691197 86908753 6850379 47741445 15494163 867451 73991092 100354209 7195138
25307057 60846274 25981485 81152968 130246071 12745232 20589325 57256952 66191506 74719064 78593806 136129608 978533 38843218 20118059 47785271 16853472 21040367 27262584 30894791 71998100 62445198 92801616 70823535 10565276 19049009 23668400 10555134 110001238 46729682 49586604 99528481 26665156 44638705 15409887 32556167 118055455 12642616 66535980 12833290 88399414 49685976 73746094 10994249 80914069 25950560 10155181 26096331 12463263 362553796 18646979 112784613 31534853 31391330 130584906 20152088 130950857 65187339 37450946 7727822 127338624 7797158 72958476 639744 7198878 44454484 94938098 40073835 2473688 47859585 9647442 43959696 44573994 18739391 153311199 52309164 52494416 57001644 24773281 19042281 62051422 23780590 25516693 3817576 28055320 34164510 34423398 104083857 73523564 4955074 10505059 41296607 82920865 26403717 16993970 7587559 525304 128490460 5141649 32585371 73534345 53533371 3734865 89144518 50679498 67413789 64551008 21896849 39989206 45996548 126005460 23102968 100634087 19239628 74694377 79354060 16492813 10140183 15856260 71015624 72891166 124633602 84337678 122685012 41866856 634538 99062109 47625552
25307057 61815360 13184479 10127688 91725184 12745232 75788177 28509606 56920750 10041554 68200530 63726466 79197516 60243568 97401798 104747425 13032038 21040367 324371 2452972 5914475 62445198 1326785 27573323 442167 29165993 3651271 29330471 89384428 830100 49586604 38816307 26665156 44638705 15409887 25188290 42541170 22328136 23270607 21510207 88399414 22998340 318750 10994249 31472737 25950560 22831961 88329658 58846292 52535179 18646979 23627116 23157198 19251391 77475343 56647704 130950857 24579468 59873426 1108540 11719547 2389914 18481698 639744 7198878 7663900 28785862 1726340 26566166 7336867 40824056 27438572 27024264 126142497 34736415 6357009 78481391 34918142 46942287 19042281 35176429 65387561 280041 65899864 114831897 24375973 56946007 99608989 30141463 31631278 10505059 15349394 16873721 26403717 26032187 47119503 525304 2452111 93765590 32585371 62690969 12409772 127817669 113651787 35156073 24799047 12025196 23871836 84837018 45996548 137599319 14354011 100634087 54095890 60402954 32432377 11205519 10140183 8002705 71015624 87073718 33183095 17978247 15494163 333147 73991092 40359209 7195138
5876842 168817707 13184479 10127688 61307765 3766471 71000851 57256952 19162425 53515098 40211079 46586432 978533 60243568 89770486 14137725 70817828 80989845 10498559 108598327 50053353 62445198 4212015 30300967 10565276 83929890 3651271 42465004 60327348 20656453 49586604 68925280 10794924 73375370 15409887 22118339 30247338 12642616 7176766 41776538 17512677 22998340 32403943 10994249 10370632 25950560 10155181 44763862 161185336 81065866 21442131 23627116 15999458 5058094 14504135 16176236 117969175 24579468 12132222 7727822 11719547 37026474 18481698 639744 28953580 79066978 15569611 1726340 3351193 14029173 15568912 23979894 39710019 1593635 14849967 31675416 13862978 35719603 8948709 19042281 230729 21476360 1530477 1791382 114831897 26293371 86638268 104083857 141606020 1398102 10505059 53845195 52130229 26403717 2461488 47119503 525304 43637846 1168472 35664286 26128484 53533371 3734865 113651787 50679498 69370479 5969938 21896849 17106983 45996548 12810977 11846597 31595490 5566258 32445478 12324686 9353080 29444054 125219725 71015624 116331093 142199850 26543951 15494163 333147 634538 75682362 7195138
25307057 60846274 13184479 43208736 62307309 12745232 41144296 7752961 56920750 53515098 86101458 33144734 4829201 2507509 97401798 70425716 69284562 58506176 3942631 2452972 50053353 15212389 26202121 27573323 10565276 19049009 3651271 2803277 34580039 43809909 39673243 53381801 6919521 70647555 15409887 15454990 531394 12642616 20522068 21510207 24095429 949181 37458697 10994249 10370632 25594832 10155181 26096331 17057576 95211786 21442131 6737576 15999458 12990612 23812288 20152088 5771263 24579468 37450946 25135066 28604871 108906472 18481698 639744 28953580 61603067 15569611 1726340 1159000 4095592 88368610 23979894 27024264 9990529 3630710 53199481 131673185 57001644 46942287 19042281 43427074 17715920 1530477 3817576 29075931 26293371 52064896 124730381 23701960 31631278 10505059 51413788 16873721 26403717 32907912 12483767 525304 49313433 5141649 34182890 14547779 1612961 30068325 22446573 50679498 172537095 70763181 21896849 17106983 45996548 8263329 14354011 86019296 96917964 155012300 41358386 27163352 88487254 105794160 26070201 39462915 236734340 26543951 122685012 333147 73991092 5651990 7195138
