25307057 191314199 13184479 10127688 176943679 12745232 36656871 57256952 56920750 27470127 39893672 96141783 39346595 49611301 89770486 32501671 33948655 21040367 23176980 2452972 32608266 1967161 52348915 30300967 9685356 32043842 3651271 38439432 34580039 15229563 26524661 79721145 48336600 44638705 15409887 37885013 42541170 22328136 22888321 1548359 20105540 949181 12751524 10994249 10370632 25594832 10155181 475855 32312024 54761824 25215551 23627116 31534853 126725316 13791106 101438736 13414756 24579468 21212413 109022549 11719547 23506131 6024264 639744 34031194 63665975 36345193 41534516 17630691 7336867 18820445 23979894 70466552 1137316 14849967 27613905 56218959 45220379 46942287 8287626 35120673 50300872 1530477 33473353 62639260 26293371 33734184 41730893 146417918 31631278 10505059 46033721 14326384 26403717 32907912 47119503 525304 43637846 27359501 45586308 21005349 33817585 85592996 81024152 63355576 75213400 1055109 28620561 10609440 68070395 8263329 14354011 31595490 5566258 10272036 26560855 58694447 28639394 57298156 26070201 116331093 33183095 26543951 15494163 333147 924313 107557624 7810179
25307057 58156868 13184479 31312792 1868056 12745232 17968304 76840491 19732660 74719064 25791193 21263790 29130529 44272660 1234531 29485153 61733913 21040367 495536 2452972 113367248 1967161 151667425 22676280 9685356 28408204 3651271 42856167 27767680 68631813 26524661 29383042 48336600 44638705 15409887 1024600 42541170 22328136 21253027 30615553 18173724 949181 22627725 10994249 10370632 22395575 22831961 11453726 17057576 12631220 18646979 24524593 8032091 12990612 23812288 22946700 11884709 44862946 26889552 31261319 11926206 1818928 7172175 639744 34778218 63665975 76900304 34134112 1159000 14029173 15568912 3557009 5460437 1137316 15037302 6357009 17119519 57001644 17113533 19042281 50824214 23780590 1530477 21803868 59818393 26293371 35324648 87828927 17297688 9674287 10505059 23003252 52130229 26403717 17432647 2710654 525304 70843466 29609684 7956546 61108067 43091447 19660636 32825289 22688812 60760210 1055109 28620561 10609440 32567995 38865723 5789509 15561957 1675404 10272036 18196373 17260024 10140183 11591887 5691197 13247906 21404229 11144276 78322038 333147 25157177 12734128 7810179
11747663 22236352 20469476 10127688 125816887 12745232 4574109 21861454 19732660 74719064 96537563 33144734 42999441 2507509 175004351 107661476 8323503 21040367 22218893 2452972 58278269 62445198 26202121 100851955 10565276 107719224 3651271 38439432 60327348 43809909 5804463 129034955 6919521 63845502 21256902 64516342 45523215 12642616 20522068 41776538 48060875 18685125 4327029 10994249 8887445 79704819 67165275 38117314 124044274 95211786 50762164 6737576 31534853 39235114 19197210 56647704 37961991 65187339 51463389 14333510 28604871 7797158 18481698 639744 96844878 16417600 107585893 1214311 13103779 14029173 88368610 23979894 44573994 92798575 113667765 95751201 97843424 57001644 24773281 19042281 104240230 50300872 1530477 73190998 6558744 12213438 75167144 127605469 40476885 132018250 10505059 51413788 6358250 26403717 26032187 7587559 525304 43637846 131482089 68366365 61108067 53533371 30068325 59212733 50679498 52826067 152276919 21896849 30913729 68070395 86030890 14354011 124805475 16613775 40951625 26560855 17260024 24270063 23542082 49883072 116331093 118459079 37292664 112841428 41866856 73991092 51647069 7195138
25307057 100384027 13184479 10127688 1868056 6264343 41110479 21861454 56920750 29667783 32369684 205521429 4005873 2507509 121470719 27628122 13032038 21040367 495536 62429884 50053353 16730249 26202121 4017642 10565276 121042272 3651271 11041564 21440965 22254634 34640093 26385027 6919521 58495579 15409887 4823059 9965949 31597777 20522068 21510207 8666279 22998340 36214858 6162685 10370632 25950560 22831961 13212473 29029994 6851675 50762164 6737576 15999458 39235114 19197210 68462468 65730455 43758141 68542848 1108540 55248039 7797158 1569033 639744 28953580 85876235 10233788 1726340 7769946 14029173 15568912 1689832 12602546 1593635 13435335 6313383 23512380 8024822 10569944 19042281 5773856 6234294 1530477 46468038 6558744 20754028 75167144 6708668 30141463 31631278 10505059 19829171 24835556 26403717 20413035 26516015 525304 18284558 8073821 45228631 3631533 11605296 30068325 52486665 3762421 52826067 55734127 2056578 5054040 22498706 13312217 14354011 27246177 20175914 118974943 27413948 254282 75580189 56035551 48583318 116331093 33183095 37292664 29857854 333147 31986332 46256733 16613585
5254208 11028826 13184479 13796243 42462817 5227896 41144296 5519376 13045142 8320398 25791193 20752637 47860848 31530469 89770486 60513628 33948655 21040367 3942631 2452972 6257634 62445198 25510361 7876632 10565276 2470502 3651271 11041564 23909840 46729682 49586604 14452577 48336600 12217976 15409887 15454990 23836715 12642616 20522068 1548359 9018652 949181 37458697 10994249 10370632 25594832 22831961 11453726 5815452 36523385 25215551 6737576 1032914 42423929 17201083 56647704 7325136 24579468 39877518 7727822 11719547 7797158 18481698 639744 7198878 23289999 16359948 1214311 11955277 7336867 15568912 14483268 27024264 9990529 13435335 20200126 17119519 39517679 18097847 19042281 21118664 11854821 1530477 20506539 62667610 20754028 45893232 6708668 43269866 1306560 141927704 24241532 16873721 26403717 26032187 15825597 525304 70843466 5141649 6641461 61108067 53533371 13543691 29219648 40158826 7228362 33585225 113092789 10609440 18002778 11366464 14354011 100634087 56638720 151100472 10651469 17260024 11909961 26402681 73748548 4851042 6850379 11547178 6715885 333147 44986395 55034387 3581849
5254208 11028826 13184479 13796243 128249512 12745232 4574109 5519376 13045142 47536099 86101458 33144734 97360817 60243568 89770486 98546776 33948655 21040367 3942631 2452972 17302896 15212389 25510361 7876632 10565276 22655523 3651271 11041564 89384428 57124704 39673243 14452577 48336600 12217976 15409887 15454990 23836715 12642616 20522068 1548359 9018652 19542579 37458697 10994249 14182174 25594832 22831961 53239987 5815452 36523385 25215551 6737576 1032914 19251391 77475343 56647704 7325136 24579468 39877518 7727822 11719547 7797158 18481698 639744 7198878 23289999 16359948 40073835 7769946 7336867 15568912 23979894 27024264 9990529 13435335 20200126 17119519 55909980 34429946 19042281 21118664 11854821 1530477 17392088 20812316 34164510 90142090 6708668 43269866 31631278 141927704 24241532 16873721 26403717 26032187 15825597 525304 70843466 8073821 6641461 53684055 53533371 30068325 81024152 40158826 7228362 36300009 113092789 10609440 18002778 65117761 14354011 100634087 56638720 173207653 15088039 17260024 13288898 26402681 40263179 4851042 33183095 11547178 15494163 333147 44986395 53309237 7195138
32184365 139637031 36687729 81152968 162870630 12745232 121662590 21109595 103058441 78296552 96537563 279673540 99670005 130575444 89770486 53249574 101220298 194435550 23176980 2452972 416127179 152950200 97814501 30300967 58616136 98398876 113431928 140960170 27767680 91804719 131192657 68925280 3570096 34187238 8641184 191646599 531394 12642616 75178221 63029498 88399414 49685976 227001007 10994249 293478588 54115303 35594242 211654431 297924394 101046867 164908530 105347670 31534853 408374510 14504135 56647704 110676142 24579468 107378875 25135066 112383469 63582404 18481698 18422277 223619167 53853767 33048166 55145398 16285441 4095592 90956381 146037518 13539231 134597001 12555170 61560173 248560397 57001644 1889812 19042281 92413645 56033479 25516693 46468038 115498777 3675795 93505190 169561454 19659980 168855599 10505059 274738825 167752681 26403717 69914715 44112765 525304 237213862 318846803 221641753 94714537 138812540 46436177 42514211 50679498 276717373 100207325 21896849 105847073 56973775 39992398 11846597 284416736 20175914 138107944 43701901 27163352 6176711 56035551 124730555 116331093 128720474 26543951 233184397 41866856 44986395 209048779 7195138
38165850 60846274 13184479 31312792 1697416 12585139 80499699 41336724 46909265 10041554 86101458 19633593 30437969 60243568 846673 61853982 8323503 10006145 2267849 117433863 198509097 16730249 37173556 4017642 9685356 3859574 3651271 38230921 105699780 43809909 34640093 41013572 4700483 44638705 15409887 143429323 2611657 351045 23710335 21510207 8666279 22998340 15954892 10994249 58488048 25950560 35594242 94669343 32381300 7563117 49794506 23627116 1704005 13658023 49323520 68462468 44974271 44862946 37450946 25135066 11719547 45657130 27319541 639744 34778218 20852739 12212761 1726340 34358052 14029173 47254365 1127723 69293984 1137316 59334332 12584265 71787010 57001644 11139560 19042281 28528648 23780590 1530477 46468038 161195415 26293371 178734639 122026186 77355447 25810441 10505059 47909979 4453606 26403717 54522347 47119503 525304 120804491 26614755 38381912 15037285 132820310 300864308 105824504 5996934 75213400 103061330 31913017 46320946 45996548 17159682 14354011 148407520 47442142 154890939 92713001 294428 14731618 19302769 45474480 116331093 33183095 73033190 15494163 333147 7913794 76318501 17297813
32184365 60846274 13184479 2969361 60733900 12585139 80499699 57256952 37912860 10041554 78593806 82672549 978533 38843218 45618663 98986852 3548436 21040367 4583727 2452972 58278269 39884000 34640939 16695132 9685356 107719224 3651271 1570590 15748529 1077159 44874489 69110196 4700483 987119 15409887 37885013 41879854 351045 19277332 12902880 32029018 22998340 16417513 10994249 58488048 18290164 5742133 26096331 15567212 52535179 79867739 23627116 8476056 13658023 18828718 56647704 50275560 44862946 18685279 7727822 11719547 34021208 18481698 639744 34778218 20852739 147747060 1726340 7769946 14029173 47358698 23979894 27024264 1137316 59334332 27613905 23512380 44539931 34429946 19042281 21807368 92842395 1530477 3817576 20812316 26293371 188562808 107155961 141113007 31631278 10505059 1896021 12746201 26403717 19975656 26516015 525304 43637846 89657546 26295262 47089124 69783323 3734865 6966753 45153869 75300807 12025196 72616918 39989206 45996548 116299366 14354011 43491686 19239628 26057859 26560855 294428 14731618 26402681 45474480 116331093 111583420 63335080 15494163 333147 7913794 75682362 7195138
22048388 22236352 13184479 4639359 1697416 10812553 11877578 21861454 56920750 3885382 61761777 9989749 3055791 38843218 7297121 40743048 24378110 21040367 324371 2452972 10006387 1967161 5214486 7876632 10565276 3859574 3651271 13706076 9592355 830100 5804463 30612464 34397746 44638705 4134210 15454990 23836715 12642616 20488049 15827544 24095429 22998340 4562938 10994249 8887445 75581241 5742133 4687665 29132887 7563117 75226463 6737576 31534853 19251391 38278202 32617510 3538586 6980804 37450946 1895617 28604871 7797158 13502449 18422277 2304109 12602731 12212761 1726340 1159000 14029173 65688954 84546167 35015552 58175725 13435335 604362 57118894 10001869 8948709 6459471 24071410 50300872 1530477 3817576 17831195 12213438 117790531 31180241 73523564 12532583 10505059 41296607 12746201 19041932 26032187 31110565 525304 19414064 83741709 37130642 26128484 35448449 30068325 66440403 63355576 52826067 70763181 7500048 45291312 153506225 17159682 14354011 21140199 19239628 10272036 26560855 20467282 29444054 19302769 7024962 37513415 6850379 37292664 10371516 333147 47577510 41760103 7195138
25307057 522476 13184479 6660046 1868056 12745232 39518510 21861454 56920750 33797347 25791193 20752637 52820306 60243568 157218086 39867633 71478422 14928827 324371 2452972 13119288 95990778 5214486 27573323 62366688 8060425 3651271 6784298 39764565 830100 5804463 3278712 46633415 58495579 2289440 32556167 42541170 12543763 20522068 17090491 74334179 22998340 318750 9978079 8887445 83457296 5742133 57320899 140705999 19828870 48916931 81347 31534853 19251391 77475343 56647704 7176598 65187339 21212413 25135066 11209212 7797158 18481698 18422277 36344307 10394921 21333021 1726340 1159000 14029173 55017059 13949428 44573994 118088119 29208139 61560173 58893804 12713310 46942287 19042281 43427074 7265798 1530477 33473353 103253278 12213438 51718350 20997276 280571979 4446765 10505059 2470408 51940969 26403717 26032187 70248969 525304 7400950 61498447 32585371 26128484 47898001 30068325 232911114 31634827 52826067 36218127 40566290 37304169 45996548 86030890 14354011 64749029 122082491 134928444 13241017 79102921 10140183 9701078 40436988 55835521 33183095 37292664 53547410 333147 73991092 51647069 7195138
14311709 9222148 13184479 4639359 1868056 12745232 42970090 21861454 35778699 6196322 25791193 9989749 13194150 22542142 7297121 40743048 26947611 14928827 324371 108598327 58278269 1967161 5214486 7876632 442167 13886831 3651271 13706076 9592355 830100 49586604 16935723 34397746 44638705 15409887 29117489 14884951 12543763 2039215 11720416 4770683 11278556 2634144 10994249 52291005 25950560 10155181 4687665 12551448 35277713 48916931 6737576 31534853 12292136 38278202 32617510 7176598 6980804 37450946 6171101 11209212 7797158 13502449 18422277 2304109 12602731 50459654 1726340 1159000 14029173 4435764 13949428 27024264 27071476 9926118 4472553 54557916 57001644 8948709 19042281 11050417 50300872 1530477 3817576 18613787 110040775 86638268 31180241 73523564 4446765 10326809 29060417 268884 19041932 26032187 41046619 525304 8317876 5611320 32585371 26128484 17642090 30068325 3136695 31634827 52826067 70763181 7500048 45291312 60682725 17159682 14354011 20069984 19239628 10272036 13241017 20467282 10140183 33168778 7024962 56958103 6850379 17719310 10371516 333147 24936974 22815214 7195138
22048388 92864395 13184479 2497380 61307765 4188241 39518510 25101055 56920750 51473904 5386105 9989749 52820306 38843218 7297121 13972055 33948655 21040367 3942631 2452972 10006387 62445198 25510361 31498543 2410503 8060425 3651271 38230921 62808774 39385331 44874489 30547793 5209233 21273215 4134210 29117489 531394 12642616 20452833 15827544 4770683 18685125 2634144 10994249 31472737 75581241 5742133 4687665 5495530 88941641 85437118 69986434 15999458 12292136 18828718 56647704 33015699 44862946 73899298 25135066 64657009 7797158 18481698 639744 28953580 10394921 15569611 160257303 7769946 14029173 4435764 51180145 35015552 1137316 9926118 4472553 14233874 10001869 46942287 19042281 80967414 54476066 170518 3817576 18613787 24375973 86638268 33404260 68192863 31631278 10505059 47909979 52130229 26403717 4252776 26516015 525304 61869198 44751095 26295262 23501009 30702849 69910537 3136695 50679498 1991758 94323810 40980750 3831474 45996548 25899249 14354011 7572192 33896745 26057859 13851314 27163352 10140183 9701078 50069796 24725672 6850379 17978247 96645555 333147 30348589 51647069 7195138
7802148 20334334 13184479 31312792 11067209 3766471 63025095 57256952 6393771 53515098 42639854 43044956 23856951 60243568 89770486 4213665 13032038 74077868 495536 8582215 32608266 52533115 4212015 22676280 10565276 12761519 3651271 6784298 12474270 61882012 32332222 41013572 4584970 44638705 15409887 1024600 42541170 3270608 42629672 12611119 9018652 22998340 36214858 10994249 10370632 25594832 10155181 6648013 28400769 12631220 25215551 25951975 1533884 12990612 12683834 22946700 26852943 17054570 16845068 47257708 7283127 7797158 19260520 639744 46740953 61603067 16359948 1726340 1159000 7336867 4414242 23979894 2785921 95944 3666843 604362 65191483 1922073 24773281 19042281 80967414 21205984 1530477 10310252 25390362 26293371 19327565 3042407 141606020 2923775 10505059 41867638 16873721 26403717 24965685 2710654 525304 14040043 8073821 211754511 3631533 12780126 110063125 32825289 801169 66971070 70763181 24302754 10609440 45996548 8263329 5789509 12012133 5566258 16186721 12395365 9353080 29444054 19411598 26070201 6970777 33183095 11144276 83861697 333147 15408004 6040157 7810179
21322280 70454334 13184479 10127688 83379810 12745232 21734798 41336724 36563039 53515098 25791193 21263790 978533 14787662 1234531 104747425 33948655 7271042 3942631 2937948 32608266 16730249 37173556 4017642 10565276 73451926 3651271 38439432 23909840 68631813 26524661 73081062 48336600 27028186 15409887 8979427 42541170 12543763 2648421 21510207 8666279 18663644 40742131 10994249 14182174 14074124 12519816 6648013 90985235 95211786 25215551 7357096 1704005 28098079 18828718 45190160 11884709 5566806 73899298 6171101 11719547 7797158 60565942 639744 28953580 63665975 9796199 1726340 34358052 14029173 47254365 1127723 36154203 1593635 13435335 61560173 13862978 55707785 17113533 19042281 5773856 23780590 1530477 46468038 29075931 15245508 34423398 18540500 49017322 1398102 10505059 41296607 24835556 9030789 11405393 11047387 525304 27989563 1168472 13857018 47089124 38427690 3734865 32825289 5996934 67413789 1055109 7909370 10609440 56973775 51139141 5789509 100634087 63958582 193528582 8714253 27163352 10140183 33168778 26151338 8179792 33183095 83500532 9936774 333147 25157177 7424833 16113162
5254208 11028826 13184479 13796243 37371941 5227896 41144296 5519376 13045142 47536099 25791193 21263790 29130529 31530469 91435830 60513628 33948655 21040367 3942631 2452972 6257634 15212389 25510361 7876632 10565276 19049009 3651271 11041564 23909840 36694410 39673243 65106581 48336600 12217976 15409887 15454990 23836715 12642616 20522068 1548359 9018652 949181 37458697 10994249 10370632 25950560 22831961 38117314 5815452 54942236 1213363 6737576 1032914 59449515 46926373 56647704 7325136 24579468 16845068 7727822 11719547 7797158 18481698 639744 7198878 23289999 15569611 1214311 11955277 7336867 15568912 14483268 27024264 18739391 13435335 20200126 13862978 55707785 13914220 19042281 21118664 11854821 1530477 20506539 62667610 6810476 34423398 6708668 43269866 1306560 22907215 24241532 16873721 26403717 20413035 15825597 525304 70843466 5141649 6641461 61108067 53533371 30068325 29219648 40158826 67413789 33585225 113092789 10609440 18002778 11366464 14354011 31595490 47681866 151100472 26560855 17260024 13288898 26402681 73748548 4851042 6850379 26543951 6715885 333147 924313 40359209 3581849
27067630 22236352 13184479 10127688 1868056 12745232 75491937 25101055 19162425 40510848 25791193 20752637 4829201 2114491 7297121 39867633 8323503 21040367 3942631 2452972 50053353 69667588 1326785 16000187 3508455 24403809 3651271 37995784 23909840 20656453 5804463 11121875 13769604 12217976 31115979 15454990 18387365 12642616 32640198 1548359 5403292 10073401 14876744 10994249 8887445 36232125 12519816 11453726 12551448 95187626 85437118 20448712 8032091 12292136 354439 18489150 7325136 24579468 2595534 6171101 14045542 7797158 18481698 8734879 28953580 16417600 7590338 1726340 1159000 7336867 45938838 14483268 27024264 1137316 3630710 20200126 28130866 39517679 2963552 1891760 62638233 23780590 280041 36235947 29075931 7046953 19781705 27312935 17391524 31631278 37613221 24241532 16873721 2138321 22587616 24426597 525304 22716938 61498447 69294875 3021928 9305405 30284787 3136695 11962605 50750034 36218127 439230 10609440 45996548 51139141 1195475 31595490 47681866 19590973 48590568 17260024 13288898 11591887 26698992 4851042 32543376 26543951 6715885 333147 924313 4361437 7195138
