25307057 22236352 13184479 4639359 125816887 12745232 36656871 56122396 56920750 31113996 86101458 148748435 978533 60243568 38402251 73127964 8323503 21040367 23176980 2452972 50053353 39884000 25455312 15539079 10565276 8060425 3651271 61273900 34580039 48551330 5804463 57635847 18916988 44638705 15409887 19523514 10829913 12642616 2648421 1548359 20105540 22998340 5235585 1178131 8887445 25950560 22831961 94669343 19102632 17685996 50762164 69986434 8476056 126725316 13791106 56647704 58023042 24579468 11311793 109022549 41400192 123648894 13502449 639744 28953580 6426421 15569611 1726340 34358052 7336867 4414242 61803817 27024264 1593635 34509554 11569238 56218959 57001644 24773281 19042281 5773856 17715920 1530477 38844135 85599003 12213438 59369829 19868554 38042837 31631278 10505059 41296607 4453606 26403717 19975656 47119503 525304 43637846 27359501 5935994 26128484 1612961 3734865 113651787 28399035 81831463 90273720 116942373 12138914 37043979 139649599 14354011 86019296 122082491 173207653 25242221 6256070 15060659 33432492 49883072 72911432 33183095 26543951 112841428 333147 73991092 100354209 7195138
25307057 94539172 13184479 4639359 125816887 12745232 39518510 134576869 42014630 31113996 25791193 21263790 978533 60243568 38402251 233516716 8323503 21040367 30881930 2452972 58278269 112664305 25455312 70823535 31638311 8060425 3651271 13706076 3962382 48551330 85860783 83195238 18916988 44638705 33823355 19523514 87890603 5451089 73945828 41776538 88399414 22998340 5235585 10994249 58488048 145155971 35594242 94669343 32312024 95211786 50762164 69986434 31534853 118157983 18828718 56647704 202235508 65187339 11311793 25135066 41400192 112524500 13502449 639744 59311541 6426421 153828980 1726340 34358052 14029173 18820445 23979894 70466552 69836605 34509554 11569238 71190044 57001644 46942287 19042281 140482022 63933780 1530477 38844135 134363995 107401351 15245144 104083857 38042837 31631278 10505059 41296607 52130229 26403717 54522347 63495780 525304 43637846 88141859 5935994 26128484 132429694 3734865 130134595 28399035 168511890 135749155 120530128 12138914 141493276 139649599 14354011 179100129 122082491 154265284 25242221 6256070 18233960 33432492 48583318 72911432 6850379 52182823 129762378 333147 31986332 100354209 7195138
25307057 71260851 13184479 31312792 1868056 12745232 42790626 21861454 56920750 53515098 31136352 20752637 4005873 60243568 7297121 27628122 13032038 136352481 2277172 2452972 31642479 73004518 40698180 22676280 29610799 49005867 3651271 38230921 4503001 4190754 73340517 26013447 54332702 44638705 14980740 4823059 28177608 78956693 20522068 12833290 13152145 18663644 36214858 10994249 11139440 65258852 22831961 33276918 5410629 39786373 50762164 6737576 8032091 19251391 77475343 56647704 33015699 65187339 26889552 60115484 30700059 45010464 4330895 639744 28953580 1545702 15569611 1726340 2473688 14029173 9647442 21408447 44573994 178566711 30208762 74610261 15001488 39517679 1382240 19042281 35176429 6234294 1530477 73190998 37645912 34164510 45893232 61836484 19362078 31631278 10505059 47909979 14326384 26403717 20413035 12289620 525304 18284558 16839664 45228631 3631533 44075048 30068325 18238694 11962605 71705591 96707286 116716578 17106983 165209059 16238293 14354011 25740644 48472190 220923782 12324686 254282 52207553 9701078 5610415 68779287 33183095 37292664 55928581 333147 73991092 55034387 7195138
23339507 100384027 13184479 10127688 25977614 12745232 4574109 21861454 56920750 30427726 78593806 106243719 978533 25415873 23609316 14137725 33948655 21040367 3942631 45820714 58278269 514128 44717486 31485292 1558143 168844814 3651271 70364567 106410930 49912003 49298362 29611131 48336600 44638705 4134210 36182597 42541170 2437127 20522068 21510207 6868179 22998340 37458697 10994249 14182174 22395575 22831961 38117314 94077553 33921680 1213363 6737576 31534853 12990612 23812288 21835954 11884709 65187339 73899298 1108540 40442324 48709428 39282276 8734879 25534318 87024466 18078431 1214311 13563902 14029173 7624649 14662314 70466552 18739391 29208139 74763039 57118894 10001869 46942287 1891760 31056860 23780590 1530477 33473353 17831195 6810476 90142090 14732563 73523564 31631278 10505059 1896021 52130229 23028410 43085331 35409055 525304 10246787 95578735 17509633 23501009 27761777 3734865 113651787 63355576 75300807 9238479 21896849 30913729 17464270 32082926 14354011 48238561 16026452 70151179 26560855 27163352 13288898 26402681 73748548 15048002 27802395 37292664 42116383 333147 46058541 55034387 14356315
25307057 141345760 25981485 7133422 489746 4854178 47607824 13519857 13528128 42287965 78593806 99081003 14653334 25415873 45618663 40743048 33948655 8226764 4583727 2452972 571445 62445198 20231177 27573323 9685356 3859574 3651271 4112776 34580039 1077159 44874489 69110196 9555136 44638705 4134210 41005946 42541170 351045 16707827 1548359 20105540 22998340 5235585 10994249 112916132 25950560 22831961 38117314 136954330 11808701 49794506 10479783 31534853 7019363 23812288 10794056 87023348 44862946 27570316 14333510 10487552 19133139 16783468 639744 25534318 10394921 12212761 1214311 26566166 7336867 7624649 21408447 27024264 1137316 34509554 18968268 57118894 10001869 33221132 19042281 70069639 23780590 1530477 46468038 2751319 24375973 99631473 33425774 36369379 32015151 10505059 36396772 16873721 26403717 9887235 25711440 525304 22716938 4397634 11956399 31757549 9305405 15308883 57071935 11962605 75300807 124098444 4863483 37304169 58500280 29751610 14354011 2607330 19239628 20323208 23890089 294428 4233399 9701078 37017674 3624144 32543376 32085309 13790828 16352947 7913794 75682362 7195138
25307057 183577494 13184479 10127688 35149633 12745232 4574109 7752961 21286566 15916153 32369684 183514730 978533 46633980 147814790 39867633 22825236 21040367 3942631 2937948 50053353 62445198 44717486 63619886 2410503 98398876 3651271 38439432 105624743 1077159 100177753 68925280 48336600 34187238 33823355 4823059 42541170 12642616 75178221 41776538 4770683 16195468 36214858 10994249 50514564 65258852 22831961 57320899 32320992 93416810 77566297 69986434 15999458 12990612 14504135 56647704 37961991 65187339 16845068 1108540 16212043 45010464 18481698 639744 28953580 73573759 15569611 40073835 26566166 14029173 35896829 21408447 11413468 1593635 34736415 61560173 54557916 57001644 1889812 1891760 5773856 43615413 1530477 46468038 148615901 26293371 45893232 98350837 73474829 31631278 10505059 41296607 52130229 26403717 85644226 47119503 525304 23076813 93765590 45228631 106018825 58839909 3734865 100149841 11962605 15467576 135749155 64239091 17106983 22498706 118862364 11846597 31197411 47681866 11480664 48590568 17260024 24270063 179709463 71015624 82575725 33183095 124035386 9936774 333147 44986395 34843373 7195138
25307057 145086356 13184479 31312792 72887977 12745232 38921505 21109595 19732660 31276136 80993208 20752637 51648621 60243568 121470719 151897493 13032038 80989845 23176980 44440076 50053353 105016577 149632399 30300967 70693885 144556977 3651271 2803277 27767680 91804719 131192657 83718986 54332702 89659124 21256902 137035955 14298519 12642616 91444066 41776538 88399414 22998340 36214858 10994249 14182174 79704819 22831961 100859830 57315994 58495321 40019893 69986434 15999458 28704027 77475343 68462468 59362181 5566806 20031371 1461714 86184462 7797158 26768210 639744 28953580 228842743 15569611 98238235 16285441 7336867 15568912 23979894 44573994 249677337 29887174 16429480 112853756 39517679 24773281 19042281 80967414 5665244 1530477 2709078 67925277 34164510 93505190 122026186 359314458 31631278 10505059 47909979 51940969 26403717 26032187 44618434 525304 70843466 61498447 68366365 106018825 64539980 29275540 84963230 11962605 39517107 100207325 128093042 17106983 45996548 16238293 14354011 1610981 110392229 154265284 60034270 27163352 102651175 23542082 73748548 39462915 33183095 26543951 156184474 333147 97798596 128134414 16613585
60118190 22236352 81099662 2969361 127849478 3766471 4574109 63492951 36563039 140516216 78593806 43044956 58192004 123417543 7297121 134433718 71478422 14928827 495536 2452972 50053353 73004518 2709498 70823535 2410503 29165993 58305778 42856167 34580039 91804719 5804463 41013572 10794924 7255365 15409887 25216840 45523215 12543763 22888321 95290341 48060875 18685125 72607702 10994249 8887445 25594832 12519816 81286932 90985235 5237479 25215551 74112258 11476717 12292136 79152063 68462468 33015699 65187339 107393424 47257708 115707450 48709428 14563262 639744 28953580 16417600 1155304 63537099 34358052 16637759 15568912 6275280 27024264 9990529 34736415 44429822 57118894 16988233 46942287 19042281 35176429 21205984 10766766 57931050 134363995 12213438 74262973 104083857 17468046 284981285 10505059 51820445 16873721 11173529 126828231 63495780 525304 43637846 130297338 111607558 26128484 53533371 30159920 113651787 33977065 200146813 36218127 25348046 17106983 58719028 87345587 174065344 2607330 19239628 83669183 52206643 7122484 28639394 56035551 50069796 3624144 86643131 73033190 60360308 94536672 73991092 22815214 16613585
11620388 22213749 13184479 10127688 62307309 5227896 75788177 28509606 56920750 18931057 79239216 137721496 978533 60243568 16544514 14137725 44386846 14928827 30881930 2452972 12060161 73004518 45419299 20215227 2410503 53723309 3651271 95751038 89384428 1513255 32646360 68925280 60857595 7255365 15409887 37885013 30790746 12543763 47472270 9172949 75964451 22998340 68661531 10994249 58488048 25950560 22831961 38117314 161650418 95211786 49794506 2586451 31534853 96580360 14504135 64022124 10601792 30183651 20031371 7727822 103759517 7797158 79527872 639744 111258919 43039559 65616693 1214311 1159000 7336867 15568912 18317134 44573994 44666007 14849967 27613905 66956796 35719603 24773281 19042281 35176429 23780590 1530477 41510443 62667610 34164510 71774954 104083857 73523564 31631278 10505059 15349394 52130229 26403717 24965685 44618434 525304 43637846 66156252 28791299 106018825 81263492 3734865 59212733 44750856 55021664 83021782 21896849 39989206 81566432 8263329 11846597 31595490 87967004 131077389 18196373 7122484 11020921 8002705 26070201 24421901 170350456 49321425 13790828 333147 924313 21762291 3581849
1441229 22213749 2658925 10127688 119898201 3820698 2624407 27634504 60729216 83349463 23260126 20752637 3278536 3934011 49349497 111968209 13032038 14928827 42547058 2452972 6594506 53606909 45419299 2215595 2410503 107719224 81392977 59087357 62808774 43809909 13911888 48265591 12752528 7255365 15409887 17204861 45523215 12543763 9176949 9172949 48060875 18663644 45470041 10994249 64188151 25950560 28847088 38117314 79945968 35277713 4595182 81347 31534853 32040102 14504135 56647704 59362181 40195981 76668448 14333510 131895 63582404 4938882 639744 111258919 61807293 18078431 1214311 2473688 16637759 15568912 23979894 27024264 38330743 3630710 27613905 35124354 39517679 46470577 19042281 62051422 13631950 25516693 17392088 20812316 24375973 45893232 104083857 28060680 9674287 10505059 15349394 16873721 26403717 31900160 7587559 525304 39285155 3434318 7956546 23501009 53533371 9429328 57618210 44750856 75300807 96417147 18351314 63003487 56973775 35383345 5643091 12096355 9458629 42485265 11120780 7122484 10140183 26402681 13017213 30413886 6850379 49321425 60360308 41866856 703669 21762291 7195138
25307057 62454927 1494278 37359178 141792690 12585139 80499699 21861454 56920750 29667783 96537563 33685274 16427246 2507509 185660087 104747425 106086127 139206637 22218893 117433863 50053353 146482266 26202121 27573323 2311326 12426897 3651271 74111278 8961921 75593241 32332222 129034955 4700483 73375370 75749327 51044122 531394 2564115 20522068 17090491 88399414 49685976 318750 10994249 47232915 84966400 35594242 95616606 204795811 7881288 50762164 6737576 15999458 19251391 81751156 56647704 14998874 65187339 231105346 25135066 127338624 123648894 18481698 18422277 28953580 2794530 15569611 40073835 50539564 14029173 88368610 61803817 6132918 137005738 2340465 61560173 97843424 18217551 46942287 19042281 160259586 364257839 1530477 46468038 224825434 34164510 24458163 127605469 73523564 31631278 10505059 41296607 52130229 26403717 108442419 113218494 525304 97773411 183131166 69294875 73534345 359205 30068325 232911114 27273184 101599761 152276919 80951000 17106983 280972808 86030890 14354011 112429538 95693583 40951625 185781815 27163352 33196341 230437006 124730555 116331093 81418711 37292664 4429433 333147 73534332 55034387 7195138
5254208 191314199 81099662 81152968 114668696 3766471 82840371 5519376 66191506 53515098 80993208 29444805 30437969 2507509 63329465 70425716 109213966 264084087 9703418 2452972 5914475 113149694 4212015 35950919 47595291 45900431 3651271 38230921 62808774 20656453 49586604 158462736 6919521 44638705 38020636 37885013 50106425 12982391 20522068 69817820 88399414 49685976 4608475 10994249 10370632 25594832 122368327 6020821 19102632 95211786 18646979 6737576 8032091 12292136 19197210 56647704 11884709 7713554 16845068 14333510 65422783 42356331 18481698 18422277 65840713 79066978 130660953 1214311 3351193 14029173 86017307 61803817 39710019 9990529 113667765 6293665 71787010 57001644 46942287 19042281 62638233 124238776 1530477 73190998 6558744 4617577 8252532 26553776 19659980 68320712 10505059 41296607 14326384 26403717 66156361 22369798 525304 126975726 131482089 45228631 61108067 1612961 19660636 25629198 35156073 2436604 102388412 46794542 47737602 45996548 51939251 14354011 178398049 5566258 30345918 48590568 9353080 13288898 11591887 69739496 72891166 228725716 37292664 123445450 41866856 73991092 51647069 7195138
5876842 49308599 29090980 10127688 1868056 12745232 223352304 21861454 66191506 15916153 80993208 29444805 8769601 2507509 92522284 70425716 16474911 53628680 22218893 8582215 12060161 75348836 26202121 35950919 29303325 107719224 3651271 74111278 39764565 21888568 41080577 26013447 6919521 44638705 149495289 32556167 10613898 12642616 7176766 69817820 49431367 6178871 2634144 10994249 10370632 25594832 85853728 132340347 138342405 95211786 2672598 6737576 31534853 12990612 19197210 56647704 11884709 65187339 76668448 71437802 30700059 12716220 7172175 18422277 8030663 72816928 107218984 348146015 17630691 14029173 88368610 6798392 44573994 9990529 52848366 100528384 143966354 57001644 46942287 1891760 230729 30413344 1530477 73190998 6558744 34164510 52064896 26553776 124284824 53796116 10505059 51413788 52130229 26403717 74172725 126924695 525304 43637846 80712616 131009896 61108067 53533371 30068325 59212733 11962605 200146813 152276919 117132215 60671235 68070395 86030890 14354011 261804256 48472190 78794955 48590568 17260024 13288898 74024120 15022866 112596107 98463152 37292664 6715885 41866856 59056578 55034387 7195138
11747663 124570557 20469476 81152968 1868056 3766471 75788177 21861454 103058441 53515098 80993208 29444805 8769601 2507509 63329465 42221868 109213966 15767900 3942631 2452972 39690182 87449541 4212015 81869355 23574465 90561832 3651271 38230921 5309122 43809909 17442857 158462736 6919521 73375370 33823355 64516342 531394 12982391 20522068 21510207 49431367 1149973 318750 10994249 58488048 25594832 13243896 26096331 160250805 95211786 10331276 6737576 19316394 28704027 783142 56647704 322784680 13901840 2595534 71437802 28604871 12716220 18481698 18422277 46820269 79066978 78870847 1726340 23774012 7336867 53274217 23979894 44573994 9990529 3630710 95751201 179379214 57001644 27677766 19042281 4852681 97650771 1530477 3817576 6558744 4617577 52064896 26553776 143832768 54406051 10505059 51413788 14326384 26403717 224151459 79598571 525304 137897208 18268506 69294875 33650224 1612961 25529025 42514211 50529383 75300807 103061330 42081021 47737602 26116048 86030890 14354011 148407520 48472190 141176016 173254289 9353080 20687292 223031692 72096479 116331093 163921555 37292664 28110631 41866856 59056578 55034387 7195138
22552718 22236352 13184479 31312792 1868056 12745232 27886755 56122396 13528128 38440337 25791193 21263790 4829201 9004822 97401798 10493831 8323503 21040367 30881930 2452972 74167179 69667588 12217062 22676280 2123144 64779880 3651271 46391258 3962382 38701711 5804463 54523763 5522196 5487690 15409887 32556167 30247338 12642616 26172306 21510207 14659229 22998340 22122233 10994249 8887445 25950560 7625292 3761101 119566802 4660124 37934586 5041457 23157198 11862847 23812288 56647704 58023042 63168311 26889552 7727822 28604871 7797158 18481698 639744 1995120 5310577 7590338 4723064 18680976 14029173 7624649 6219360 20896648 72552945 4325286 25083098 4301633 50907239 34429946 19042281 35176429 11854821 1530477 30436279 53738649 12213438 8252532 16688503 17391524 31631278 27474733 5018778 9434343 14004865 24965685 1935292 525304 128490460 26614755 12423526 26128484 1612961 37010980 32825289 22688812 67413789 1055109 12989429 10609440 45996548 62636721 14354011 21140199 5566258 24125034 1430948 8909661 29444054 8002705 49883072 4851042 16419135 5586972 13790828 333147 924313 4361437 7195138
5876842 22236352 37751021 2969361 1868056 12745232 3232719 58971152 36563039 8077444 47178068 38753552 978533 9004822 89770486 4620385 8323503 21040367 23176980 2452972 55827530 15212389 12217062 22676280 2410503 70479450 3651271 53946651 47923523 1077159 5804463 54523763 5522196 5487690 15409887 15454990 30247338 351045 26172306 21510207 35767535 22998340 10570810 10994249 8887445 25950560 23640 3692604 46012116 7563117 1213363 5041457 3608237 80927686 95912 56647704 58928527 24579468 14901133 7727822 11719547 7797158 18481698 639744 1995120 5310577 7590338 1726340 13063108 7336867 7624649 33318031 27024264 1137316 4325286 10537252 57118894 57001644 29596909 19042281 230729 6234294 25516693 17392088 9970459 6810476 70362892 16688503 17391524 10163626 27474733 5018778 16873721 14004865 24965685 1935292 525304 24380233 27359501 25002800 44271665 1612961 3734865 69599815 8488744 67413789 70763181 12989429 10609440 45996548 7846235 90374370 20327782 5566258 68633260 18196373 254282 85800964 21828881 49883072 32956605 52457544 26543951 6715885 41866856 18314621 4361437 7195138
22552718 22213749 13184479 10127688 1868056 12745232 24407532 41336724 56920750 29667783 16334147 21263790 3055791 60243568 45618663 104747425 3548436 21040367 324371 33768559 58278269 28908121 12217062 27573323 9685356 49052086 3651271 133279963 77487684 830100 5804463 129034955 48336600 987119 15409887 37885013 42541170 12642616 19277332 21510207 4770683 22998340 5235585 10994249 8887445 25594832 12519816 19582265 26194302 88101373 10331276 23627116 1704005 126725316 4723165 5881872 35817613 24579468 107393424 68347721 11719547 7797158 18481698 18422277 34778218 16417600 54213707 1726340 34358052 14029173 47254365 1127723 27024264 1137316 5571598 27613905 18253020 55909980 46470577 19042281 21807368 17715920 1530477 1674076 17831195 12213438 59369829 94411635 77355447 31631278 39826111 32232213 11072104 20743087 26032187 31110565 525304 43637846 88141859 5935994 26128484 21823458 37010980 37302662 5996934 24783028 50941936 15616098 5054040 30532387 61520155 14354011 21140199 56638720 46721059 20880719 27163352 33459626 13737000 71015624 22120235 33183095 26543951 12825975 333147 94240881 22815214 7195138
