25307057 124570557 13184479 10127688 72887977 12745232 41144296 28509606 56920750 53515098 86101458 46222600 79197516 60243568 89770486 34132225 10134115 33129684 27262584 79851102 32608266 1967161 52348915 2215595 10565276 44927843 3651271 143892781 34580039 43809909 27838302 16994056 54332702 44638705 15409887 19523514 20635470 12642616 76418620 21510207 49849162 949181 36214858 10994249 14182174 25950560 16711198 94669343 4125588 60884240 79867739 69986434 15999458 12292136 4027970 14144560 37961991 65187339 26889552 7727822 10487552 7797158 79527872 639744 4994438 53675405 12671820 1726340 34358052 7336867 32219299 20502257 18246139 34873203 3630710 51423547 112853756 57001644 24773281 19042281 76376298 6476502 1530477 17392088 20812316 26293371 75167144 104083857 38042837 31631278 10505059 15349394 19123433 26403717 24965685 20477346 525304 7821844 1168472 68366365 53684055 64539980 19660636 32825289 4855400 67413789 103061330 113527306 17106983 45996548 16238293 14354011 100634087 9458629 10272036 18196373 17260024 24270063 29354803 45474480 116331093 171505572 201256322 83833008 333147 51672821 34843373 7607593
7802148 20916473 1494278 10127688 125816887 4188241 4574109 25101055 17677036 47536099 86101458 46222600 978533 60243568 3383294 14137725 8323503 21040367 30881930 2452972 31642479 62445198 5214486 151099857 10565276 12761519 3651271 74111278 8961921 91804719 10439314 85151647 18916988 9988033 4134210 37885013 12546508 12642616 74841208 1548359 4770683 18685125 43168118 10994249 10370632 83457296 22831961 35729452 12551448 95211786 50762164 69986434 15999458 12292136 77475343 34751556 37961991 65187339 2595534 7727822 16212043 7797158 18481698 639744 2842599 11516470 9355128 41534516 3070617 14029173 89636330 23979894 41380029 1593635 9926118 27613905 54557916 10001869 29808812 19042281 5773856 23780590 170518 6567959 29075931 26293371 34423398 94411635 58757128 21447980 10505059 11695249 8181043 2526982 26032187 41046619 525304 22913937 84866263 68366365 61108067 12409772 3734865 3136695 44926505 67413789 64551008 13775772 17106983 45996548 12557386 14354011 43491686 63057295 26057859 5952418 11205519 20687292 26402681 49883072 68779287 81418711 90426140 136507251 333147 73991092 92540964 7195138
171136 57952843 13184479 6660046 1868056 3766471 40240382 7752961 56920750 10041554 74503180 16781933 9389229 25874715 74223337 39867633 96548714 19714107 495536 2452972 17302896 16730249 2316853 4017642 2410503 22864351 3651271 5669546 8028041 65780237 15853698 68925280 9555136 2224336 10293882 11660656 37763233 12642616 18544667 41776538 8666279 18685125 36214858 10994249 10370632 25950560 5742133 6998270 15567212 7563117 18646979 1630293 15999458 19251391 95912 56647704 55381564 65187339 37450946 14333510 11719547 7797158 4679781 639744 18917145 5310577 15569611 1214311 6646818 14029173 9647442 46518813 20977719 55689350 34509554 31675416 139319884 57001644 23762562 19042281 80967414 78191843 1530477 44367447 29075931 34164510 75167144 9696703 38042837 4955074 29616821 24241532 16873721 14004865 1418239 11047387 525304 31805167 4040924 7956546 61108067 23693856 30068325 29219648 11962605 67413789 139771717 99578747 17106983 22498706 36992618 11846597 2096999 16455439 16186721 779322 9353080 10140183 13073775 39845873 22603100 33183095 37292664 13165243 333147 44986395 18369946 7195138
7802148 145086356 577103 14362980 1868056 12745232 4574109 11416988 36563039 38440337 80993208 20752637 978533 46633980 42005255 50846145 8323503 21040367 4583727 2452972 21689838 35473973 29463624 12700179 10565276 12761519 3651271 8516796 4503001 38701711 41340468 16137671 18916988 43739949 2132135 32556167 42541170 22328136 2393946 1548359 20105540 22998340 10570810 10994249 10370632 25950560 12519816 94669343 39446 57478426 49794506 23627116 15999458 12990612 13791106 42996481 35817613 65187339 1641058 7727822 11719547 7797158 18481698 639744 28953580 6933146 12671820 1726340 34358052 14029173 48634024 38811750 1987827 81564819 32455419 16866458 13756669 39517679 33221132 5294290 43427074 92842395 1530477 57931050 67925277 1351402 57131852 41730893 9754730 31631278 10505059 47909979 16873721 7699313 26032187 18571830 525304 36664835 26614755 5935994 44271665 38427690 3734865 113651787 28399035 64207575 102388412 25348046 17106983 45996548 38911980 14354011 56759012 26686533 42485265 26560855 17260024 24270063 44206128 31998668 116331093 44349684 5586972 15494163 333147 41366699 22815214 7195138
25307057 124570557 13184479 10127688 28413781 12745232 4574109 7752961 56920750 53515098 78593806 46222600 9389229 38843218 97401798 107661476 10134115 21040367 495536 2452972 25737689 46249208 45419299 35950919 13616423 40984347 3651271 42856167 19187944 43809909 49586604 54336053 48336600 34187238 15409887 51044122 42541170 12642616 22888321 12902880 88399414 18685125 2634144 10994249 14182174 18290164 10155181 26096331 17057576 6851675 127115643 28543647 1032914 39235114 77475343 68462468 50275560 65187339 61007040 14333510 127338624 7797158 7172175 639744 7198878 44454484 12671820 1214311 26566166 13349044 65688954 62668561 770048 44666007 3630710 6293665 24838795 57001644 46942287 19042281 76376298 116535000 1530477 3817576 18613787 7507982 5401967 104083857 23701960 31631278 10505059 16319110 6358250 26403717 26032187 70248969 525304 43637846 89493920 19014653 73534345 53533371 38405348 59212733 63355576 7228362 33585225 64239091 17106983 30532387 87345587 14354011 2607330 19239628 96396043 54053137 16492813 4800034 33168778 48583318 3624144 23980959 11547178 107947082 333147 31986332 40359209 7201746
25307057 97213123 13184479 10127688 18266124 4642707 4574109 21861454 19732660 12466007 5386105 28557654 978533 2507509 25232709 29485153 10134115 14928827 495536 2452972 50053353 43068365 5214486 22676280 9685356 107719224 3651271 2803277 11561805 43630537 11330906 5364780 6919521 12217976 4134210 5837006 10829913 12543763 20522068 14356518 88399414 949181 37458697 10994249 58488048 25950560 13243896 49832604 161185336 6851675 43916959 6737576 15999458 38366149 14504135 56647704 7325136 24579468 26889552 7727822 28604871 7797158 18481698 639744 28953580 11516470 7590338 1726340 34358052 14029173 9647442 23979894 12602546 1137316 3630710 85755716 179379214 8024822 30208209 19042281 21206848 23780590 1530477 65026614 6558744 24375973 5401967 6708668 17391524 31631278 10505059 11695249 8181043 11173529 23128318 35409055 525304 43637846 8073821 657041 38429113 4281299 3734865 42514211 4855400 30722801 55734127 72616918 17106983 22498706 17159682 7393117 21140199 39710560 16186721 5189076 27163352 4800034 87323428 5691197 39462915 23980959 26543951 13790828 333147 51754264 4361437 7195138
25307057 22236352 1494278 10127688 141792690 3766471 3139012 21861454 65207048 74719064 61761777 69975359 79197516 35125776 91435830 346077118 71478422 152250741 22218893 117433863 58278269 62445198 4212015 156274695 2311326 24403809 3651271 6784298 2152463 11717315 5804463 129034955 10794924 10608030 255728084 37885013 137473979 12642616 20522068 95290341 74334179 49685976 37458697 10994249 8887445 84966400 122368327 94669343 12551448 95211786 50762164 6737576 31534853 19251391 72918379 56647704 7325136 65187339 107393424 332500707 50614510 123648894 18481698 8734879 172138917 16417600 38780075 40073835 34358052 14029173 10890988 23979894 44573994 59772640 9926118 27613905 179379214 57001644 46942287 19042281 104240230 23780590 1530477 68354842 224825434 12213438 223229195 97365970 73523564 276468587 10505059 41296607 52130229 26403717 470632958 47119503 525304 8317876 101618798 69294875 6189676 100735304 30068325 3136695 50679498 200146813 70763181 179037937 105847073 165209059 28341236 14354011 124805475 95693583 290828518 185781815 9353080 33196341 179709463 124730555 37511689 6850379 37292664 9936774 41866856 323815456 55034387 7195138
25307057 71513841 85449535 31312792 64300601 12745232 52895963 21109595 51102558 74719064 50080093 6326888 79197516 2071870 97401798 47785271 55476400 21040367 22218893 112620853 13478717 62445198 49681799 11720078 10565276 68054640 3651271 38439432 27767680 39385331 92071367 270571532 48336600 25056831 3009219 32556167 30247338 57793108 20522068 30666936 65789761 887809 318750 10994249 10370632 107865150 22831961 211654431 161185336 102733511 133324523 6737576 31534853 19251391 42003396 56647704 117969175 65187339 137862908 25135066 112383469 123648894 18481698 18422277 147404573 252077509 13741537 57810256 16285441 47859585 86744752 14483268 18629517 47943487 118989280 61560173 6406908 55707785 23683780 19042281 80967414 50300872 25516693 39781000 102698206 102498052 3312379 169561454 21256435 10947694 10505059 90798279 16873721 26403717 71444704 33220971 525304 124701370 84866263 30606264 26128484 53533371 30068325 74733652 63355576 71705591 15247547 51967585 123965859 34999598 86030890 44440523 25740644 122082491 280948412 10651469 76474386 11909961 105794160 23117676 16614706 33183095 37292664 158995069 75456734 34188786 55034387 7195138
25307057 5668480 1494278 25716779 137180010 12745232 125331803 57256952 16089733 42287965 96537563 137721496 27115786 38843218 9253508 134433718 47445943 21040367 4583727 61263204 8541531 4746177 94509957 88449289 23574465 45610483 3651271 35047117 27767680 43630537 49586604 129034955 48336600 89659124 4134210 26761031 42541170 351045 22888321 11720416 88399414 18685125 4226640 10994249 10780592 36307259 15681294 26096331 24912182 95211786 1213363 23627116 15999458 89649115 77475343 56647704 113411095 65187339 31485026 7727822 11719547 7797158 16783468 639744 26603132 104347228 15569611 1726340 16285441 14029173 89636330 21408447 27024264 176478046 34509554 27613905 112853756 10001869 24773281 1891760 5849978 76551291 1530477 3817576 17831195 6810476 192456386 33425774 38042837 9849672 10505059 90798279 268884 26403717 26032187 25711440 525304 120804491 4397634 11956399 10466979 1612961 49376558 113651787 50679498 67413789 5969938 92305755 17106983 17464270 8263329 14354011 4208354 122082491 165774489 81471669 294428 11020921 26402681 5691197 56958103 179844663 43199986 15494163 41866856 18314621 5651990 7195138
25307057 231972810 85449535 81152968 88287627 12745232 134086910 112347113 103058441 53515098 123417832 136129608 35931173 30585638 97401798 58620340 33948655 224012867 9703418 117433863 5914475 4746177 158619337 96496074 63140216 349633837 3651271 74111278 9592355 91804719 131192657 158462736 60857595 169610755 33823355 29117489 167982921 215715107 234667179 41776538 88399414 22998340 318750 10994249 10370632 223942809 32247670 125615870 39446 86541008 50762164 69986434 11476717 126725316 137235723 112238507 117969175 65187339 5013692 25135066 64657009 37026474 79527872 639744 96844878 90667356 1155304 1726340 34358052 14029173 174435428 27907650 27024264 11972423 31759324 569983 57976300 57001644 46942287 19042281 255289135 120145852 1530477 46468038 289291550 34164510 124627067 31180241 143970406 69660311 10505059 110176366 16873721 26403717 22816442 308721625 525304 62363299 131482089 131009896 61108067 11289837 127817669 89144518 35156073 115105956 338982454 210178857 123965859 37946007 128757976 14354011 25740644 114252691 466261301 26560855 76474386 12861331 105794160 73559178 15048002 8641394 398416629 5174337 41866856 160678947 40220767 17297813
11747663 64060447 13184479 25716779 1868056 3766471 42970090 41336724 19732660 64095755 40643529 61642987 12755970 60243568 121470719 39867633 13032038 6695446 2277172 2452972 50053353 62445198 4212015 25917929 9685356 107719224 3651271 81349592 27767680 91804719 65185506 41013572 10794924 58495579 15409887 15454990 42541170 12982391 21253027 12833290 49849162 6178871 36214858 10994249 14182174 25950560 12519816 38117314 90985235 35277713 40019893 23627116 1704005 15183187 20921773 56647704 11884709 5566806 1479183 14333510 11719547 45010464 18481698 639744 28953580 42352620 12671820 1214311 16285441 7336867 22063891 1127723 44573994 1137316 3630710 61560173 103860192 57001644 24773281 19042281 15908477 5665244 1530477 8785340 123820444 24375973 67876748 122026186 74649522 31631278 10505059 19734096 52130229 26403717 43085331 11047387 525304 23076813 93765590 6641461 75917444 1612961 19660636 130134595 5996934 31160684 1055109 25348046 17106983 58500280 42391211 14354011 156472934 95693583 91813211 26560855 9353080 13288898 26402681 13216546 84209496 33183095 26543951 15494163 333147 25157177 22815214 7195138
11747663 68157095 13184479 43208736 1868056 3766471 36656871 21861454 56920750 74719064 80993208 29444805 978533 25762096 89770486 39867633 10169647 15767900 22218893 2452972 31642479 46042705 4212015 44564327 10565276 96233202 3651271 6784298 5309122 70820497 44874489 68925280 10794924 44638705 33823355 4928214 41351191 12982391 20522068 21510207 77390716 949181 318750 10994249 10370632 25594832 22831961 8546324 19102632 5237479 18646979 6737576 15999458 12990612 783142 68462468 24081995 62335483 16845068 14333510 28604871 7797158 48466603 639744 28953580 10394921 15569611 1214311 1159000 9182195 65117629 23979894 29843332 9990529 30180514 27613905 71787010 44539931 1889812 19042281 77036726 46248767 1530477 51572025 13292636 26293371 5401967 26375699 38042837 31631278 10505059 41296607 52130229 20743087 26032187 26516015 525304 77745352 18268506 26295262 26128484 1612961 3734865 24525915 50529383 50750034 83021782 81416593 10609440 68070395 8263329 11846597 116309472 15186596 109648018 48590568 9353080 29444054 9701078 26070201 68779287 167890688 37292664 9936774 333147 59056578 55034387 9643094
38165850 28939054 13184479 31312792 1868056 12745232 33834704 21861454 42014630 42287965 25791193 21263790 3055791 22542142 142388085 48760486 46002 14928827 22218893 2452972 50053353 62445198 34236834 27573323 5553579 24403809 1328245 38439432 95561950 91804719 49586604 158462736 48336600 44638705 33823355 25216840 42541170 2726186 20522068 41776538 101245848 949181 36214858 10994249 58488048 25045324 22831961 19582265 12551448 5237479 79604968 6737576 15999458 31391330 59798562 112692371 107549332 24579468 109522322 25135066 28604871 1021205 14563262 639744 28953580 75280922 1883935 1726340 34358052 7336867 4435764 6275280 29734872 85606407 9926118 27613905 178492670 55909980 46942287 19042281 35176429 8888062 1530477 46468038 17831195 26293371 41428092 104083857 73523564 31631278 63576537 29060417 18350450 26403717 26032187 31110565 525304 3379480 5674310 45586308 38361968 51988781 30068325 3136695 11962605 67413789 9238479 128093042 17106983 45996548 27930805 14354011 31595490 56638720 294150601 52206643 194353614 29444054 69698109 71015624 55835521 16419135 26543951 44966571 333147 924313 41760103 16613585
32184365 9940153 55637902 10127688 1868056 12745232 65129973 21861454 36563039 42287965 40211079 9989749 30437969 60243568 7297121 71264342 109213966 14928827 324371 1642549 5492515 1967161 37173556 27573323 10565276 24403809 3651271 13706076 43698027 830100 44874489 16935723 48336600 46998943 33665805 22231365 23177687 12543763 20522068 41776538 24095429 18685125 4562938 10994249 32230959 25045324 10155181 4687665 12551448 5237479 49794506 2763495 1704005 1961036 14504135 34751556 7176598 24579468 73899298 1108540 46651506 23506131 14563262 18422277 69540182 44454484 65616693 57810256 7769946 13550681 4435764 1127723 29734872 81259441 9926118 604362 13490318 44539931 8948709 6459471 53671272 15875895 25516693 36235947 922647 34164510 34076539 104083857 40476885 17969640 22907215 23003252 82920865 26403717 20413035 7587559 525304 3379480 60553761 11606647 26128484 53533371 30068325 786214 5996934 86109224 9238479 21896849 90405836 80274373 25899249 11846597 21140199 56638720 10272036 11494424 27163352 28639394 11510776 45474480 4791918 44349684 26543951 24735744 29715777 63352157 22815214 7195138
27389917 61239958 13184479 94216160 1868056 3766471 63025095 9365538 22383659 42287965 24464597 69975359 8769601 22542142 15020769 132168377 33948655 15767900 30881930 2452972 13119288 50385241 4212015 22676280 10565276 29165993 3651271 6784298 5309122 8461552 44202046 19952968 10794924 44638705 15409887 41005946 42541170 12642616 7176766 14356518 9018652 22998340 12751524 10994249 10370632 25950560 22831961 13751623 17715319 77695197 4595182 81347 23157198 19251391 77475343 56647704 117969175 65187339 26889552 71437802 28604871 86619629 1894715 639744 96844878 6426421 21333021 1726340 16285441 14029173 4435764 21408447 23557186 92798575 29208139 6357009 17119519 18431591 46942287 19042281 62638233 50300872 1530477 33473353 3546525 26293371 33734184 104083857 48242317 31631278 22907215 11695249 8181043 20799026 4252776 26516015 525304 3379480 67548974 25002800 15037285 53533371 92845158 76939731 6082138 63521230 48468141 45450446 10878302 68070395 31851692 14354011 45802980 19738654 47011756 18196373 9353080 10140183 26402681 71015624 72891166 118459079 17978247 139992690 333147 49728064 125132549 7195138
28524754 9450473 13184479 10127688 1868056 12745232 33834704 9365538 56920750 29667783 32369684 29444805 49183505 57504418 7297121 14137725 33948655 15767900 15935645 2452972 31642479 1967161 44717486 12700179 442167 24403809 3651271 38439432 4503001 8461552 39673243 19952968 48336600 73375370 1077064 29117489 42541170 12642616 7176766 12833290 9018652 949181 318750 10994249 10370632 25045324 10155181 90511806 12551448 95187626 10331276 8513507 15999458 19251391 18849674 12529770 6257252 24579468 42646588 1108540 27849667 7797158 62534314 639744 28953580 17329212 1883935 1726340 34358052 7336867 15568912 14662314 29734872 92798575 9926118 604362 97843424 35719603 28824331 1891760 53671272 21476360 1530477 30436279 67925277 24375973 51718350 104083857 46226020 31631278 12135679 23037871 19123433 20799026 26032187 47119503 525304 3379480 5674310 5408768 61108067 64539980 49376558 3136695 6082138 67413789 9238479 21896849 17106983 6329402 8263329 14354011 56323297 47681866 10272036 11494424 17260024 15060659 99362701 7024962 55835521 33183095 26543951 96025864 333147 24363015 53309237 7607593
27389917 68157095 13184479 31312792 489746 12745232 27115679 37427668 15711056 36814707 5386105 20752637 978533 60243568 7297121 40743048 2729275 14928827 8125736 2452972 32608266 39884000 34640939 11342137 2410503 8060425 3651271 38439432 115141263 1077159 32646360 30547793 9555136 505696 15409887 32556167 42541170 5451089 13109845 1548359 20105540 18685125 4955132 10994249 58488048 25950560 10155181 52146317 5410629 17685996 64517681 23627116 1704005 5058094 95912 56647704 33015699 16526463 21212413 7727822 11719547 7797158 18481698 639744 34778218 16924011 27839537 1726340 7769946 7336867 820830 1127723 27024264 1137316 29208139 12432934 23512380 39517679 34429946 11520143 56192436 11854821 1530477 40839033 18593051 34164510 34423398 104083857 73523564 26474789 10505059 6653033 4453606 26403717 24965685 12289620 525304 11941208 47458342 18380948 26128484 51653638 3734865 36169029 5996934 11273110 68099544 25348046 39989206 37620500 126005460 14354011 21140199 60834556 35616049 18196373 27163352 9268321 26402681 49883072 5456287 6850379 49321425 13790828 333147 73991092 22815214 7195138
