10215334 5389782 37751021 55657733 25977614 12745232 17968304 29727833 6393771 31113996 40643529 69975359 52820306 60243568 42731578 39867633 26947611 72722152 4583727 67542723 32608266 28908121 45419299 70823535 10565276 114063098 3651271 38230921 109588808 1077159 49586604 69110196 34397746 44638705 15409887 15454990 30247338 5451089 60674546 21510207 88399414 18685125 2634144 10994249 10370632 25950560 22831961 38117314 75274114 23440461 48983616 23627116 8032091 19251391 13791106 5881872 81141997 65187339 37450946 14333510 11719547 7797158 51780561 639744 28953580 7323853 12671820 1214311 34358052 47859585 47358698 27907650 27024264 81259441 13435335 11569238 14233874 271480 46942287 19042281 80967414 92842395 11386779 46468038 17831195 1351402 36579090 41730893 68192863 17969640 10505059 23003252 16873721 26403717 26032187 47119503 525304 176875408 4397634 32585371 26128484 1612961 72946118 36169029 50679498 51787735 1055109 64239091 10609440 68070395 104651243 1879632 132278375 1675404 39945744 79354060 32753730 10140183 11591887 13216546 4851042 179844663 28972090 9936774 1406877 25157177 42988430 7810179
7825102 100538793 13184479 71467512 25977614 12745232 86437859 20835816 39442722 15916153 39893672 69975359 12702596 38843218 26629044 39867633 70906232 45179684 3942631 2452972 176802299 69667588 119793538 16884435 29610799 107719224 3651271 105740413 109588808 31881695 44874489 9370948 54332702 10349796 33823355 41005946 531394 27088187 75178221 41776538 20522786 22998340 77943660 10994249 10370632 83457296 22831961 26096331 24103122 95211786 91567142 63770277 8032091 19251391 77475343 56647704 14998874 65187339 14257692 15399596 127338624 108906472 18481698 18422277 18371671 10394921 36345193 163802030 1159000 14029173 9647442 21408447 44573994 137005738 67804054 61560173 70617246 57001644 9005219 19042281 16927084 76048504 1530477 3817576 17831195 27963670 23927757 98350837 10054011 31631278 3405515 47909979 52130229 26403717 17884345 26516015 525304 128490460 84866263 657041 61108067 359205 81039691 101832405 50679498 30748811 7512046 80951000 37304169 68070395 8543534 14354011 15318624 95693583 40951625 5189076 31049282 33196341 9701078 45474480 30281898 24981493 156175570 94570586 333147 31447473 59159580 5213784
11620388 11028826 63622299 81152968 48784620 5227896 27886755 20499311 22383659 31113996 25791193 21263790 4829201 18333186 7297121 43215561 8323503 21040367 495536 2452972 50053353 514128 94509957 22676280 10565276 70479450 3651271 11041564 15325954 23944064 32646360 60343079 13477378 44638705 15409887 22636154 11396972 36659561 22888321 1548359 20105540 22998340 21902027 1178131 58488048 13080075 22831961 35729452 117401411 12631220 1213363 23627116 15999458 28704027 95912 68462468 33015699 5566806 18685279 55145435 11719547 48709428 72958476 639744 28953580 61807293 15569611 16711786 34358052 47859585 49643189 69789378 12602546 81564819 53854563 11569238 17119519 11176616 46942287 19042281 35176429 11854821 10317129 51715573 29075931 6810476 36915311 94411635 53130299 35247356 10505059 1896021 16873721 26403717 19975656 26516015 525304 53269324 147583479 5935994 26286619 12409772 1497436 37302662 28399035 75300807 55734127 72616918 17106983 45996548 117107186 7393117 24512866 47442142 42988977 18196373 11205519 24270063 6908497 15022866 38717126 28349993 83500532 10275600 1406877 16176903 75682362 3581849
25307057 101690221 27535737 56778622 11166393 12745232 20171466 162258233 42014630 5011980 25791193 21263790 4829201 22542142 32857483 43215561 8323503 21040367 495536 2452972 68107711 21063991 56950010 12700179 10565276 45900431 3651271 38230921 27767680 91804719 5244888 53381801 12752528 44638705 33823355 15454990 42541170 12642616 2648421 1548359 20105540 22998340 21902027 10994249 12983347 25594832 22831961 35729452 115146379 12631220 25215551 23627116 2979882 28704027 18828718 56647704 38404060 65187339 26889552 25135066 11719547 7797158 18481698 639744 46820269 21078189 17159811 10292867 16285441 17097429 80058273 23979894 44573994 9990529 13435335 27613905 8188635 11176616 46942287 19042281 41716471 73840858 25516693 46468038 17831195 4617577 36579090 15392655 30567217 54164690 10505059 28792872 14326384 4601537 24965685 10082685 525304 22767450 17380774 6641461 3021928 1612961 37010980 22446573 8329065 51310183 1433955 1833124 5054040 17464270 42391211 38399908 79524838 96917964 7152975 18196373 27163352 10140183 29973046 36079580 28879325 106187304 83500532 6892431 22311320 18314621 100354209 7195138
25307057 165862740 9376203 10127688 194463949 12745232 4574109 21861454 56920750 31113996 25791193 21263790 9039423 31849355 185660087 104747425 34872738 68369905 22218893 93899788 12060161 62445198 1326785 22676280 10565276 83929890 3651271 42465004 36367160 20656453 41080577 20611320 29138802 6400241 33665805 13820506 23177687 160639369 20522068 1548359 4770683 20255823 37458697 10994249 10370632 152312750 22831961 26096331 29029994 95211786 18646979 6737576 15999458 5058094 77475343 68462468 38937667 16921929 2595534 14333510 11719547 42174840 39282276 18422277 28953580 8304383 15569611 1214311 2473688 14029173 88368610 69789378 17810199 27071476 59572844 11569238 54557916 39970985 46942287 15607447 62051422 82303665 280041 3817576 3546525 27963670 124627067 94411635 6646444 31631278 10505059 15214647 52130229 7699313 24965685 12483767 525304 43637846 43652218 162823947 24955412 12409772 30068325 76939731 28244312 762590 10311322 80288729 17106983 68070395 86030890 14354011 280633703 18187461 60402954 618915 11205519 20687292 56035551 15022866 41734687 179844663 37292664 13165243 333147 40937697 16222896 9643094
32184365 68157095 13184479 2969361 1868056 7270023 1399829 7752961 8868214 31934344 39893672 17419688 978533 60243568 51569150 3990031 10169647 52748540 23176980 2452972 13478717 10792658 10336853 11720078 2410503 35366446 3651271 38230921 62270659 52454349 10649237 25153288 54332702 2266595 4134210 809277 6274456 12642616 25748146 12833290 70090526 18663644 110587272 10994249 58488048 25950560 12519816 87495263 27315407 5237479 58094869 20448712 8032091 19251391 95912 34751556 35817613 24579468 21212413 7727822 11719547 7797158 18481698 5999648 28953580 23959140 15569611 1726340 34358052 14029173 54419949 46503759 44573994 55589323 14849967 15333153 57118894 10001869 36442441 19042281 11604678 21205984 1530477 25979847 128090203 26293371 24458163 84083297 6955851 10947694 117412538 4630572 4453606 26403717 26032187 35740991 525304 149871295 35851661 25002800 47089124 64539980 3734865 106306170 44750856 34176990 75116546 11607450 17106983 94674512 44966366 14354011 21140199 19239628 40951625 10651469 27163352 10140183 11591887 5691197 75436287 44349684 26543951 15494163 333147 924313 22815214 7195138
25307057 304760863 94573109 81152968 1868056 12745232 158796529 253384883 102183878 93638076 80993208 29444805 51648621 11311072 186022959 104747425 165595761 21040367 11993318 117433863 176802299 152950200 183722610 27573323 23574465 48534688 25951377 69006026 27767680 20656453 95377140 31884617 48336600 89659124 106926432 162544603 229346179 12642616 91444066 70633353 88399414 18685125 227001007 10994249 80914069 33136468 10211956 211654431 84964436 190727433 18646979 20059335 31534853 5058094 14504135 56647704 183170527 65187339 169857425 25135066 13414455 7797158 18481698 18422277 46820269 10394921 17159811 197443740 16285441 47859585 90956381 18317134 44573994 6616055 14849967 30146967 207785713 39970985 46942287 19042281 84210657 47352582 25516693 46468038 52418202 34164510 47505485 169561454 100971926 6255539 10505059 179461240 18242595 4601537 26032187 73247636 525304 155193551 384329984 25002800 33650224 123469860 46436177 106306170 25499893 51310183 100207325 222840946 37304169 94674512 65352354 11846597 31595490 103882443 138107944 76737206 27163352 28639394 9701078 91017753 28879325 109723622 185924801 28110631 41866856 924313 184694976 7195138
32184365 60846274 48420771 10127688 25977614 12745232 4574109 21861454 21389875 47536099 47178068 24706357 978533 60243568 3411711 107661476 8323503 13721606 324371 7439926 58278269 1967161 1326785 7876632 10565276 107719224 3651271 65558504 15080255 830100 49586604 68925280 13477378 44638705 33823355 15454990 23836715 89532648 2648421 1548359 9018652 22998340 37458697 10994249 10370632 25594832 10155181 7850929 27397119 17685996 18646979 6737576 1704005 28704027 3477914 56647704 117969175 65187339 2595534 7727822 11719547 7797158 18481698 639744 46820269 5310577 25789880 10292867 16285441 7336867 47254365 1127723 27024264 9990529 13435335 51423547 17119519 57001644 46942287 12332029 80967414 23780590 280041 20506539 23648284 1351402 20991556 27312935 77355447 10163626 10505059 11695249 4453606 14004865 26032187 11047387 525304 43637846 7803177 32585371 3021928 1612961 3734865 113651787 5996934 51310183 100207325 15616098 5054040 68070395 65117761 11846597 100634087 26686533 6769227 29220935 11205519 10140183 33168778 45474480 116331093 47053114 37292664 9936774 7672915 61417820 46256733 7195138
25307057 11028826 13184479 6660046 130246071 12745232 4574109 39837975 56920750 31113996 5386105 21263790 978533 22542142 135323281 95262415 55729338 21040367 495536 2452972 58278269 1967161 52348915 70823535 3508455 94248483 3651271 11041564 20790102 43809909 21526356 30547793 48336600 6400241 4134210 13820506 42541170 22328136 22888321 21510207 88399414 22998340 68661531 10994249 58488048 172402369 5742133 35729452 15567212 12631220 50762164 23627116 2979882 28704027 77475343 68462468 151089735 65187339 39877518 6171101 11719547 34021208 72958476 14106261 66464428 5310577 12671820 1726340 2473688 14029173 15568912 51602334 36154203 53448141 58724453 11569238 18253020 10001869 46942287 19042281 35176429 11854821 1530477 57931050 114831897 34164510 90142090 108413317 83178318 31631278 10505059 47909979 52130229 14004865 35845816 26516015 525304 43637846 16839664 37130642 26286619 53533371 3734865 57224477 50679498 115105956 103061330 15616098 30913729 45996548 117107186 14354011 100634087 66400375 7152975 60034270 76474386 33459626 56035551 45474480 72911432 33183095 64592319 9936774 333147 73991092 76318501 7810179
7825102 190501838 1494278 37359178 90400994 12745232 149717428 30493490 103058441 140516216 96537563 267848141 11000139 60243568 185660087 186659968 8323503 21040367 495536 8582215 13478717 109570712 333421316 156274695 2311326 96233202 3651271 42856167 312527132 91804719 95827748 41013572 18916988 89659124 33823355 15454990 42541170 12642616 42629672 41776538 5403292 14851813 162112014 10994249 37619923 31314076 22831961 211036066 39446 12631220 6921536 69986434 31534853 28704027 77475343 159768576 240145667 65187339 5013692 25135066 13414455 123648894 72958476 639744 310462887 239945094 25789880 178518851 34358052 14029173 89636330 61803817 44573994 266554708 13435335 61560173 347748252 44294739 46942287 19042281 45629383 51818349 1530477 46468038 52418202 34164510 36579090 122026186 99959513 68320712 10505059 47909979 52130229 26403717 30508516 66939885 525304 49313433 69369011 464256079 44432243 62012507 117880895 232911114 25499893 115105956 1433955 64239091 46320946 12631671 12824941 14354011 263611365 116570558 127773091 84716672 27163352 71268513 284067280 49883072 5628995 422491136 73033190 83861697 41866856 88961528 85682386 94807891
20618618 127722290 85449535 78736124 83379810 12745232 4574109 103586773 19732660 74719064 76165457 24706357 8769601 11311072 73525751 43215561 16270791 21040367 2277172 79851102 133393885 28908121 38603101 35787841 10565276 107719224 3651271 2803277 9392580 15229563 30819646 41013572 13477378 44638705 33823355 15454990 42541170 13021383 33459722 41776538 5403292 14851813 21902027 10994249 14182174 25594832 22831961 57129193 39446 17685996 6921536 23627116 23157198 15249644 71922834 56647704 37961991 34727552 5013692 30875112 11719547 79721888 18481698 18422277 80324161 48207776 25789880 102785545 34358052 41380539 5451366 23979894 39710019 9990529 13435335 95751201 22681292 5633211 46942287 19042281 45629383 13130188 3127394 21279052 22253084 34164510 36579090 169561454 190191013 85604228 10505059 54820914 4453606 26403717 30508516 26516015 525304 123956089 1168472 17509633 26128484 4716912 117880895 113651787 25499893 38135787 1433955 64239091 30913729 12631671 118964472 38057834 21140199 63077518 61874726 12324686 16492813 24270063 26402681 72096479 5628995 162183152 71946748 9936774 41866856 18314621 223029422 7195138
25307057 146533134 85449535 12736657 83379810 12745232 75788177 39837975 19732660 132701499 96537563 241788028 79197516 57887055 97401798 43215561 26947611 21040367 55868886 117433863 13478717 112664305 216041996 183073536 54529721 189258820 3651271 320564985 43063907 91804719 43943441 41013572 48336600 50782125 33823355 15454990 42541170 12642616 42629672 41776538 9018652 22998340 21902027 10994249 12983347 31314076 22831961 88329658 168456209 67749763 64122307 69986434 31534853 28704027 77475343 159768576 110676142 65187339 39877518 25135066 86184462 33486579 72958476 18422277 84515217 75280922 25789880 102785545 34358052 47859585 89636330 146037518 27024264 182473778 13435335 61560173 347748252 44294739 46942287 19042281 45629383 94271397 25516693 46468038 52418202 40338704 93505190 122026186 19659980 179409305 10505059 47909979 16873721 26403717 43085331 10082685 525304 216298718 184122686 30479784 26128484 38611130 117880895 155325780 25499893 80530864 135749155 1833124 105847073 98894017 118964472 81931702 79524838 116570558 204832253 45127652 27163352 10140183 26402681 79893433 116331093 47053114 42384018 9936774 79634914 18314621 219963402 7810179
21882905 60846274 13184479 12736657 24129345 9005141 4574109 21861454 56920750 42287965 86101458 33144734 978533 744636 185660087 104747425 8323503 32889818 11993318 2452972 13478717 77665613 116940330 16884435 29610799 48534688 3651271 15339882 15080255 91804719 49586604 41013572 18916988 2727417 33823355 15454990 38057980 12642616 20522068 41776538 9018652 22998340 36214858 10994249 10370632 25594832 22831961 95616606 179190894 67749763 25215551 6737576 15999458 5058094 77475343 40923525 54458199 65187339 37450946 123663484 11719547 45010464 18481698 639744 28953580 61807293 15569611 1726340 16285441 14029173 88368610 23979894 44573994 9990529 13435335 95751201 60474860 39970985 2963552 19042281 10669615 7672146 1530477 36235947 13292636 34164510 75167144 113718613 28342002 31631278 10505059 47909979 39938233 4601537 54522347 35409055 525304 49313433 75078714 183366891 61108067 12409772 3734865 113651787 11962605 51310183 100207325 15616098 17106983 68070395 12810977 14354011 132278375 15186596 119159586 84716672 11205519 33459626 140999223 49883072 28879325 33183095 37292664 9936774 333147 73991092 55034387 7195138
379700821 68157095 146793549 277941316 90400994 12745232 639379808 65950596 54361804 53515098 47178068 69975359 11000139 102423436 150238311 346077118 10169647 40549829 213238705 108598327 264801786 46686504 160085990 86664484 10565276 125192742 113431928 132487486 294529962 91804719 39608578 54523763 270371496 90156207 15214655 14210674 53943839 37923954 2039215 114922858 215611275 110421905 159280331 10994249 107643427 29083490 67165275 117398122 161185336 388287233 147315833 233506188 31534853 19251391 95912 383260152 54458199 65187339 109522322 167806227 143547720 63582404 83811767 18422277 226218473 207369305 47019403 1726340 98108242 20506645 64687334 156641393 307697580 37596466 138631528 110990585 180291965 57001644 36442441 19042281 62638233 56033479 25516693 73190998 80695582 27963670 102641750 154935745 35683525 253815328 89427350 325348292 135577417 26403717 14940356 47119503 525304 123956089 69159387 32585371 138403352 317937780 45319866 138950428 105192743 273757135 105222768 170354483 171055714 76833131 152786592 107080724 270371174 16613775 109648018 42175921 86558988 10140183 33168778 54697221 5628995 577250 136601623 192951344 184875731 88961528 230657456 94807891
27389917 83864581 13184479 25716779 42462817 12745232 4574109 21861454 56920750 17093707 78593806 162870251 4829201 1815630 85793662 40743048 152210837 21040367 22218893 30894791 50053353 62445198 9023963 7876632 2410503 70479450 3651271 38439432 111878721 46729682 49586604 41013572 48336600 12217976 33823355 9019412 23836715 12642616 20522068 7690031 24095429 949181 37458697 757853 14182174 36307259 22831961 38117314 108151752 19828870 19079572 6737576 2979882 31391330 95912 17010561 7325136 65187339 2595534 7727822 11719547 7797158 32218367 18422277 28953580 6426421 15569611 1214311 7769946 14029173 18820445 257548 27024264 18739391 24345619 18968268 18253020 38561948 34429946 19042281 80967414 50300872 1530477 1791382 61477788 24375973 54410399 97365970 30752594 10163626 60325222 31151434 268884 26403717 2461488 39468548 525304 70843466 62394704 5935994 4289706 64539980 30068325 113651787 9595164 43697449 12025196 90473979 17106983 17464270 85356149 14354011 45194725 19239628 168753231 60661089 16492813 13288898 26402681 73748548 4791918 33183095 37292664 6892431 333147 11192587 50972528 7810179
32184365 197073848 81099662 10127688 11166393 3766471 4574109 56122396 60569727 53515098 123417832 9989749 978533 2114491 118798111 22435158 70817828 21040367 30881930 2452972 29429827 62445198 4212015 116520767 10565276 8060425 58305778 13706076 34580039 40253184 49586604 68146466 10794924 44638705 15409887 65450170 6448356 12982391 133669517 21510207 88399414 18663644 22998505 10994249 14182174 25950560 52170438 94669343 4125588 121221206 9755183 23627116 31534853 39235114 95912 56647704 58023042 65187339 31485026 167806227 11719547 7797158 18481698 639744 229849743 8304383 27839537 1726340 2473688 41380539 89054194 146037518 64561675 260349090 139412680 76865966 145359567 57001644 46942287 19042281 62051422 17715920 10766766 37280773 3546525 39150015 45893232 104083857 73523564 53796116 10505059 1896021 19123433 20743087 26032187 47119503 525304 43637846 147583479 74512465 24955412 53533371 3734865 113651787 2711556 24799047 1659049 116942373 30913729 9067705 61520155 3123361 86019296 122082491 205346087 41358386 9353080 102651175 44717771 71015624 80598573 54308798 64592319 9936774 867451 73991092 93386480 7195138
11620388 60826057 13184479 31312792 62307309 5227896 75406246 2118319 56920750 8320398 9976382 24706357 79197516 18333186 97401798 12258529 43855627 3182830 9865087 2452972 6225916 112664305 30890606 16884435 2123144 70479450 3651271 28228714 27767680 60377647 5244888 68925280 11630464 58495579 15409887 11789030 42541170 12642616 345160 24084050 24095429 22998340 36214858 10994249 10370632 25950560 3030769 57320899 75274114 86541008 50762164 6737576 15999458 69087092 10808626 56647704 37961991 23589442 21212413 7605901 14935834 12716220 18481698 639744 28953580 21078189 15569611 1726340 1159000 4748759 21625670 27907650 27024264 187784350 31759324 27294928 50879740 41189854 24773281 1891760 18631035 7852216 1530477 46468038 115498777 1351402 111137765 22255472 17297688 17969640 10505059 23003252 16873721 26403717 17432647 26516015 525304 22716938 93765590 68366365 26128484 9305405 30068325 24525915 11962605 88592919 5969938 4863483 17106983 6329402 71739493 1808650 4208354 1675404 99864122 18196373 17260024 24270063 8002705 1994831 116331093 8641394 37292664 5174337 333147 73991092 12734128 3581849
