25307057 46832713 13184479 12736657 30085570 4041277 51303813 21861454 21697405 5011980 10967763 23004782 42999441 23117531 61066598 23470518 140258733 63094402 495536 2452972 50053353 30708700 1995183 22676280 54529721 78611100 3651271 42856167 11445412 91804719 68078212 106776281 9555136 89659124 15409887 15454990 12919944 12642616 20522068 41776538 2115451 8601071 21902027 10994249 10370632 25950560 22831961 88329658 2876414 12631220 1265966 6737576 15999458 28940936 18828718 56647704 117969175 65187339 26889552 7605901 5172686 37026474 18481698 639744 28953580 42352620 15569611 2959652 34358052 14029173 88368610 14970373 29734872 18739391 13435335 6029652 56518159 57001644 46942287 19042281 62638233 132821065 1530477 46468038 203980186 26293371 173620355 45951910 53130299 27296216 10505059 29060417 52130229 2378059 20413035 191074794 525304 53269324 84866263 5408768 6591824 53162769 7983552 37302662 26180088 48995151 152276919 128093042 12138914 3884092 42391211 808716 24512866 63077518 2910695 18196373 27163352 60711029 26402681 15022866 116331093 21478438 37292664 25086720 333147 15305120 55034387 7195138
25307057 231972810 20469476 81152968 30085570 12745232 54879282 32222110 10643369 42287965 39893672 35084111 47860848 60243568 185660087 43215561 19702301 14928827 30881930 108598327 177526559 171205302 40698180 86407323 29610799 98855760 3651271 74111278 34580039 91804719 5244888 26385027 48336600 44638705 21256902 34017385 147978402 12543763 9634497 24084050 88399414 44376154 21902027 10994249 112916132 36307259 1559309 38117314 158989565 95211786 50762164 17549493 31534853 28704027 13973927 56647704 155501963 63168311 21212413 14333510 38371763 7797158 4330895 639744 306962372 21078189 31494869 1214311 9860119 14029173 55017059 23979894 29734872 217683783 98293197 79965077 3245950 41189854 24773281 19042281 156517719 76551291 1530477 37280773 17831195 34164510 34076539 106145519 31023720 57478255 10505059 29060417 19123433 11312418 26032187 50426733 525304 160266490 65859027 5408768 24127184 9305405 127817669 27591207 33977065 9019839 75116546 4863483 19964811 93689828 8263329 3123361 21140199 13437134 24919393 81471669 15141942 113875424 29973046 26070201 27040494 213904605 73755067 61804304 41866856 18314621 128134414 7195138
32184365 68157095 85449535 6095258 1868056 12745232 1399829 32222110 55360211 66020008 31136352 20752637 30437969 60243568 107989394 73691423 3008168 61384096 495536 79851102 108484756 18077783 37173556 28332560 10565276 49005867 3651271 40725975 85347906 39839957 104331059 26385027 11432931 20785516 15409887 14210674 35020639 12642616 22888321 41776538 49284992 22998340 32289712 9978079 10370632 25950560 15681294 96759102 5410629 12631220 37934586 7402912 1704005 69087092 95912 56647704 37961991 63168311 129553852 34858793 16212043 7797158 4330895 18422277 67048226 10394921 1736579 67058778 34358052 47859585 1642470 1127723 10718445 204241305 17117097 30146967 10884226 17062897 2963552 19042281 53671272 21476360 10766766 45959142 87502041 10359690 14854696 26553776 17297688 174010095 22907215 90798279 14326384 26403717 17432647 12289620 525304 20006334 61498447 25002800 26128484 1612961 186105205 4855494 5996934 52826067 48468141 31913017 10878302 61050182 39086832 41080232 21140199 122082491 20677101 5940629 17260024 24270063 9701078 71015624 24725672 27201300 11144276 49040964 10115782 38392986 5651990 7033261
8773339 70410320 48420771 78736124 1697416 12745232 47607824 18808449 27455312 23949956 61761777 20752637 51380731 60243568 45618663 14191890 118101046 47558497 4583727 48116975 24192705 22219662 38603101 22676280 10565276 3859574 3651271 171413495 69958149 84643977 49586604 17467238 124475092 5583411 33823355 37123814 8188398 35954329 14764394 36275051 87551057 16195468 5235585 10994249 58488048 83457296 39019836 88329658 101580886 24261232 133324523 23627116 31534853 1137888 8467697 77272544 8502165 65187339 26889552 31261319 11719547 19521446 49172790 18422277 125198802 139571890 12212761 1726340 2473688 47859585 89054194 171732718 27024264 116973731 29208139 79965077 121984539 17461839 46942287 19042281 62051422 56033479 25516693 17392088 20812316 9700473 34423398 16688503 73523564 132226325 10505059 41296607 12746201 26403717 24965685 7624690 525304 52477916 61498447 74296329 53684055 55692990 127817669 76939731 22688812 83250970 52880779 64239091 118411497 104344162 126005460 18176579 80114787 56638720 113690442 18196373 17613935 33196341 19302769 50426880 116331093 6850379 83500532 15494163 867451 160678947 26527542 17297813
8773339 145086356 13184479 31312792 30673649 12745232 29459730 32222110 56920750 6196322 80968559 20752637 8184013 60243568 45618663 57885213 99430552 14928827 4583727 84270909 50053353 36475129 90724116 27573323 2410503 19049009 32662 49922823 12474270 39385331 49586604 7216400 54332702 17479846 15409887 33027804 76355836 12543763 43978067 36275051 48060875 22998340 41362371 10994249 58488048 25950560 65072068 8546324 47773749 13306115 42744204 23627116 15999458 19251391 13791106 56647704 59362181 65187339 45697355 45258848 11719547 77514438 18481698 639744 2304109 28690821 9796199 1726340 17630691 14029173 41760886 146037518 44573994 70166499 24345619 604362 53180018 17461839 42537678 19042281 11050417 92842395 1530477 25079862 85599003 34164510 69545342 16688503 17468046 12532583 10505059 62433827 51940969 26403717 24068562 70248969 525304 138294458 5141649 3666588 44271665 64539980 32882272 20681067 50679498 86109224 136925364 64239091 17106983 87541080 42391211 14354011 98408420 2523889 35616049 32432377 18845838 33196341 56035551 9565580 116331093 33183095 71199020 15494163 333147 67330443 42988430 7195138
32184365 40067993 13184479 81152968 37371941 12745232 25138064 134576869 56920750 175202 78593806 190092973 978533 60243568 1070922 119039763 8323503 21040367 30881930 2452972 36466448 62445198 147220707 22676280 10565276 107719224 3651271 51627086 184509924 36694410 43943441 129034955 18916988 44638705 15409887 37885013 42541170 12642616 73945828 21510207 27969890 18663644 162112014 10994249 58488048 25950560 22831961 94669343 101580886 17685996 58094869 64001881 15999458 1137888 95912 34501100 240145667 65187339 2744299 7727822 64657009 63582404 18481698 639744 28953580 6426421 15569611 10292867 1159000 14029173 65688954 137552711 70466552 44666007 98668565 27613905 50284626 57001644 36442441 19042281 76254131 56033479 1530477 46468038 62667610 75687952 43946998 16688503 73523564 31631278 10505059 41296607 4453606 26403717 24965685 47119503 525304 145133065 93765590 52058661 89439464 64539980 3734865 76939731 44750856 107108048 27198945 128093042 5054040 6329402 139649599 14354011 100634087 19239628 66166693 18196373 27163352 14731618 44717771 45474480 25446107 54308798 5586972 126250942 333147 73991092 28296094 7195138
13561161 22236352 13184479 10127688 53413721 4854178 13566871 32222110 15711056 15916153 86101458 266538639 28919881 60243568 35563944 40743048 33948655 15767900 4583727 2452972 32608266 15212389 52348915 16695132 10565276 8060425 3651271 38439432 5309122 1077159 3694057 12115503 42076312 38898811 6940908 38502727 531394 12642616 36985625 41776538 88399414 22998340 67945174 10994249 8887445 25950560 22831961 3761101 85110949 59071408 65008637 23627116 15999458 32040102 95912 52501315 120254902 22491984 53869423 7727822 11719547 48709428 18481698 639744 28953580 16417600 15569611 1726340 7769946 7336867 4414242 84480182 27024264 74177820 44760062 604362 23512380 57001644 4168811 1891760 11604678 36181218 1530477 73190998 6869146 12213438 52064896 16688503 129783365 31631278 10505059 47909979 1429629 26403717 9807076 38909838 525304 22716938 5141649 5935994 47089124 64539980 39651909 40424197 28399035 34176990 1055109 92305755 3953164 37620500 137599319 14354011 45194725 37684248 7063958 26560855 27163352 4233399 42142266 67030153 39743243 32543376 5586972 15494163 333147 25157177 28296094 7195138
6223422 63473870 34134089 12736657 30085570 7270023 17968304 1360403 66191506 42287965 9976382 2537007 11163936 60243568 28227998 39867633 18598516 21040367 3942631 34550141 210548246 21063991 94509957 22676280 56731964 53723309 3651271 43198951 27767680 20656453 5244888 23596959 13477378 41859731 33823355 41005946 30790746 12642616 20522068 12833290 73606320 1149973 37458697 10994249 10370632 44008439 3030769 57320899 40971613 7563117 50762164 6737576 3836957 9012649 4027970 5881872 11884709 40195981 26889552 7727822 14935834 7797158 5547605 639744 84515217 10394921 16707736 127777567 1159000 14029173 31590932 18317134 18246139 92798575 40508005 26706357 71787010 41189854 13914220 19042281 7496460 6476502 1530477 21017046 17831195 24375973 89442017 106145519 17297688 17969640 10505059 4630572 14326384 26403717 17432647 7587559 525304 14826881 97779071 5408768 24127184 116897003 30068325 6966753 12323796 67413789 20652029 21896849 19964811 37620500 80068297 14354011 24512866 122082491 41703298 18196373 18926021 13288898 9701078 17481623 116331093 27802395 37292664 25086720 47865437 8124064 12734128 7195138
25307057 58004322 1494278 10127688 70972886 9005141 29698303 41336724 7947133 5011980 25791193 21263790 978533 744636 58756705 43215561 8323503 21040367 11993318 2452972 32608266 28908121 16868743 22676280 2311326 96233202 3651271 2803277 20790102 12103198 44874489 41013572 18916988 58495579 33823355 37885013 11396972 12642616 20452833 1151825 9018652 22998340 21902027 10994249 10370632 31314076 10155181 35729452 15567212 67749763 34139490 23627116 1704005 28704027 18828718 56647704 117969175 65187339 2595534 25135066 11719547 9169488 18481698 11172966 28953580 61807293 9355128 82595323 17630691 14029173 15568912 1127723 27024264 599698 40977543 27613905 8188635 44294739 2963552 19042281 45629383 13631950 1530477 36235947 13292636 20754028 47505485 97365970 77355447 31631278 10505059 32232213 16873721 4601537 19975656 26516015 525304 43637846 66156252 30479784 24127184 1612961 3734865 76939731 5996934 51310183 27399196 15616098 17106983 25743614 42391211 14354011 79524838 96504366 11480664 18196373 11205519 20687292 29973046 49883072 28879325 33183095 73033190 9936774 333147 18314621 76318501 7195138
25307057 60846274 13184479 31312792 11166393 12745232 63025095 21861454 21389875 74719064 25791193 21263790 978533 2507509 121470719 43215561 8323503 13721606 2277172 2452972 13478717 5775003 16866248 129040121 10565276 32043842 3651271 74111278 23909840 91804719 49586604 41013572 6919521 27028186 33823355 15454990 19080691 12642616 20522068 41776538 5403292 14851813 21902027 10994249 14182174 33136468 22831961 7850929 60749124 67749763 6921536 6737576 15999458 19251391 22373149 10238173 195621859 65187339 37450946 6171101 11719547 123648894 18481698 18422277 28953580 61603067 15569611 102785545 34358052 14029173 55017059 14483268 36154203 70537087 13435335 53199481 56218959 35627169 23683780 19042281 62638233 94271397 1530477 57931050 52418202 20754028 44923195 61323640 99959513 31631278 10505059 27864868 11564444 26403717 18282696 47119503 525304 70843466 7803177 1307595 35340239 56312789 3734865 41082837 9643861 51310183 36218127 88858203 17106983 60400184 86030890 14354011 79524838 114980136 170036867 60034270 27163352 10140183 11257760 36079580 80598573 33183095 37292664 9936774 333147 18314621 46053750 7195138
7825102 71266390 50270615 10127688 61307765 12745232 27356419 39837975 19732660 53515098 25791193 21263790 978533 57887055 11704040 12083846 26947611 21040367 2277172 85126269 13478717 28908121 37173556 27573323 2311326 32043842 3651271 100776506 27767680 72256946 49586604 41013572 13477378 20785516 33823355 15454990 30247338 12642616 14736337 21510207 9018652 22998340 21902027 10994249 50574170 25283287 10155181 22051461 39446 67749763 6921536 20356959 1704005 5058094 72918379 30560466 66352177 34727552 2595534 59646958 11719547 42174840 51780561 18422277 50002926 18769333 25789880 1726340 1159000 47859585 21938776 1127723 27024264 9990529 13435335 95751201 24838795 39970985 46942287 19042281 45629383 94271397 10766766 21279052 52418202 34164510 86638268 125602968 77355447 127278476 9714196 1896021 6358250 26403717 30508516 33185244 525304 22716938 17859514 11421731 29809158 4716912 3734865 113651787 5996934 51310183 12025196 31913017 39989206 25743614 12824941 31258800 10356839 96917964 127773091 60034270 18110520 10140183 29973046 7024962 5628995 32543376 37553758 15494163 41866856 18314621 76318501 17297813
25307057 190501838 50270615 81152968 128249512 12745232 4574109 13519857 19732660 5011980 96537563 150762958 4829201 57887055 73525751 43215561 26947611 21040367 61199419 99483442 50053353 28908121 58914502 27573323 10565276 107719224 3651271 74111278 43063907 1077159 95827748 69110196 48336600 87077847 33823355 15454990 42541170 12642616 2648421 41776538 49431367 22998340 21902027 10994249 14182174 31314076 22831961 88329658 161185336 95211786 41184418 23627116 15999458 28704027 72918379 56647704 229640792 8554106 2595534 25135066 11719547 42174840 18481698 18422277 28953580 14953226 15569611 145238216 34358052 14029173 47358698 23979894 44573994 81464323 13435335 61560173 179379214 57001644 46942287 12656266 45629383 108422341 1530477 46468038 52418202 34164510 36579090 104899674 120119413 85604228 10505059 90798279 39599068 26403717 19975656 35409055 525304 22716938 120334053 30479784 26128484 12409772 66946499 91214535 25499893 80530864 1433955 129422138 17106983 98894017 152786592 14354011 79524838 122082491 61874726 212474890 11205519 20687292 26402681 55913343 116331093 21352948 71946748 9936774 41866856 18314621 53309237 7195138
23339507 40067993 13184479 6660046 1868056 12745232 1399829 41336724 56920750 43689005 86101458 35084111 978533 28318154 157218086 14137725 8323503 21040367 495536 2452972 27767814 18077783 20231177 27573323 10565276 107719224 3651271 669063 49843510 49912003 49586604 49223193 5398487 35769832 15409887 14210674 42541170 12642616 13109845 12833290 48060875 22998340 31837220 10994249 58488048 25950560 5742133 79458871 4125588 12631220 1213363 23627116 1704005 19251391 18828718 34751556 58023042 65187339 2595534 7727822 11719547 7797158 6962934 639744 28953580 5310577 15569611 1726340 1159000 14029173 47254365 1127723 44573994 38330743 31967331 50385477 18253020 2207816 28524973 11520143 31056860 554661 1530477 1791382 86276631 6810476 14443045 48786318 35683525 31631278 10505059 36432399 52130229 14004865 2461488 35409055 525304 11941208 66156252 37130642 9093389 53533371 3734865 36169029 5996934 67413789 103061330 11607450 17106983 51287793 44966366 14354011 25740644 37684248 109648018 26560855 27163352 20687292 11591887 5691197 44584326 33183095 64592319 873155 333147 73991092 53309237 7195138
25307057 101690221 85449535 81152968 11166393 12745232 63025095 98917720 21389875 5011980 76165457 24706357 79197516 60243568 121470719 14191890 8323503 13721606 495536 80292740 13478717 5775003 16866248 27573323 10565276 107719224 3651271 42856167 48586092 91804719 5244888 41013572 12752528 44638705 33823355 15454990 19080691 37923954 33459722 1548359 9018652 14851813 44761196 10994249 14182174 33136468 22831961 7850929 60749124 12631220 6921536 26807824 15999458 28704027 66858040 10238173 195621859 63168311 93608448 6171101 86184462 123648894 18481698 639744 28953580 21078189 15569611 102785545 34358052 28409343 64687334 36038142 36154203 235791495 13435335 79965077 22681292 35627169 46942287 19042281 62638233 94033610 3127394 21279052 17831195 27963670 44923195 61323640 99959513 70025207 10505059 104903050 11564444 26403717 18282696 47119503 525304 132732986 7803177 17509633 26128484 4716912 47481765 113651787 9643861 51310183 60331650 129422138 17106983 17464270 118964472 38057834 21140199 114980136 61874726 60034270 76474386 10140183 26402681 5691197 80598573 149232408 73033190 9936774 41866856 221081399 46053750 7195138
25307057 127722290 161087982 56778622 363072445 12745232 116860100 284901890 103058441 188177746 123417832 46222600 79197516 123417543 147814790 12083846 165595761 34943052 628443039 44440076 50053353 91795794 40698180 70823535 105437520 107719224 65302036 84878796 39764565 91804719 5244888 26013447 60857595 251306921 96464998 328937700 19080691 215715107 59699702 71130148 88399414 301146347 67709987 10994249 12864263 354397258 67165275 35729452 15567212 171078513 56010117 25240986 2979882 28704027 108219666 30560466 315901410 65187339 156320876 81253550 86184462 17840163 4330895 18422277 28953580 21078189 15569611 300869312 34358052 29296356 9647442 45879993 44573994 155991015 150331620 201696003 18253020 57001644 46942287 19042281 255289135 97650771 25516693 73190998 134363995 34164510 93505190 104083857 354977229 70025207 10505059 54820914 116833204 26403717 122005283 26516015 525304 128490460 23963118 37258469 26286619 4716912 37558689 63415904 9643861 75300807 99574418 172302319 17106983 76833131 117107186 88423573 154304613 122082491 118974943 60034270 77077287 62546609 47517963 71015624 116331093 423138161 195958375 9936774 41866856 97798596 75682362 7195138
12422612 11028826 13184479 31312792 11166393 12745232 27356419 39837975 19732660 5011980 25791193 21263790 8769601 22542142 97401798 134433718 8323503 21040367 495536 2452972 13478717 30431785 45419299 96496074 10565276 96233202 3651271 11041564 23909840 44193996 17442857 41013572 18916988 44638705 33823355 15454990 42541170 12642616 22888321 41776538 5403292 1149973 34263115 10994249 37619923 25283287 15681294 3761101 60749124 12631220 6921536 23627116 15999458 28704027 77475343 68462468 177739237 63168311 37450946 14333510 11719547 12716220 72958476 639744 28953580 48207776 15569611 1214311 34358052 7336867 21938776 14483268 27024264 9990529 13435335 83647224 22681292 5633211 23683780 19042281 35176429 51818349 1530477 21279052 28613145 20754028 93505190 99608989 79898713 31631278 10505059 47885687 4453606 20743087 21657865 47119503 525304 27358909 23963118 32585371 73534345 1612961 37010980 113651787 25499893 51310183 135749155 64239091 17106983 26169904 8821333 14354011 10356839 55060496 61874726 60034270 27163352 10140183 26402681 7024962 12412427 33183095 59121183 9936774 333147 73991092 5651990 17297813
25307057 71266390 577103 81152968 11166393 12745232 149717428 21861454 19732660 53515098 9976382 30290712 79197516 22542142 121470719 134433718 16270791 14928827 2277172 8582215 13478717 62445198 16866248 274448739 5087553 32043842 3651271 131956939 27767680 91804719 30819646 41013572 46698305 44638705 33823355 15454990 42541170 12543763 20522068 41776538 5403292 14851813 37458697 10994249 14182174 25594832 3030769 145215824 39446 67749763 6921536 6737576 31534853 28704027 77475343 68462468 240145667 65187339 5013692 25135066 13414455 123648894 72958476 18422277 50002926 14953226 25789880 1726340 16285441 46127265 5451366 23979894 44573994 9990529 13435335 61560173 56218959 8026517 46942287 19042281 45629383 13130188 3127394 21279052 52418202 34164510 36579090 61323640 73560809 68320712 10505059 47909979 11564444 26403717 30508516 35740991 525304 49313433 1168472 26295262 44432243 62012507 30068325 249237952 25499893 15467576 1433955 64239091 105847073 12631671 42391211 80498216 193772643 15186596 170036867 84716672 27163352 10140183 33168778 107359614 80598573 168088732 37292664 9936774 41866856 47577510 55034387 94807891
