27389917 68157095 13184479 55657733 489746 12745232 59598325 40805398 37912860 31113996 5386105 20752637 112461409 60243568 7297121 40743048 10169647 21040367 4583727 2452972 45414673 62445198 48304588 16695132 2410503 49005867 3651271 38439432 21759052 1077159 32646360 26013447 48336600 505696 31729740 4823059 42541170 12642616 13109845 41776538 4770683 18663644 36214858 10994249 7099110 15597505 15681294 88329658 4125588 47531850 85437118 23627116 15999458 22599246 18828718 56647704 33015699 44862946 109522322 68347721 11719547 7797158 18481698 639744 28953580 6933146 9796199 1726340 18030061 7336867 18820445 146037518 27024264 1137316 34736415 11569238 54557916 39517679 1889812 19042281 80967414 46144470 1530477 17392088 20812316 23931238 45893232 14318843 12125544 31631278 9670002 47909979 12746201 26403717 26032187 12289620 525304 97068916 47458342 191035517 26128484 51653638 26754234 36169029 11962605 34176990 12025196 92305755 17106983 121616885 141763510 14354011 132278375 109620163 109648018 26560855 27163352 28639394 26402681 3788776 43997442 70840656 83500532 14428555 333147 73991092 5651990 7195138
21322280 40067993 13184479 6660046 1868056 12745232 1399829 37427668 42014630 53515098 47178068 20752637 978533 60243568 97401798 40743048 2866763 21040367 30881930 2452972 74167179 18077783 37173556 27573323 2410503 35366446 3651271 38439432 110001238 38701711 49586604 49223193 48336600 44638705 15409887 57773461 42541170 12642616 22888321 17090491 48060875 22998340 2634144 10994249 58488048 25950560 5742133 3761101 101580886 5237479 1213363 23627116 1704005 19251391 95912 34751556 59362181 65187339 109522322 7727822 11719547 7797158 18481698 639744 36012274 10394921 47019403 1726340 1159000 14029173 15568912 1127723 27024264 116973731 34736415 30146967 13862978 39517679 34429946 19042281 73136182 23780590 1530477 73190998 18613787 6810476 86638268 41730893 73523564 1398102 10505059 41296607 12746201 7699313 26032187 47119503 525304 59100683 27359501 25002800 30062597 53533371 3734865 33787864 5996934 34176990 65552895 31913017 30913729 106036394 44966366 14354011 100634087 119759461 76476938 60034270 16492813 33459626 9701078 3788776 4791918 29654497 49321425 15494163 333147 73991092 7424833 7195138
27389917 68157095 13184479 25716779 53413721 12745232 4574109 134576869 15711056 74719064 78593806 35084111 978533 60243568 97401798 14137725 10169647 21040367 30881930 30894791 32608266 62445198 162746645 2215595 2410503 111863860 3651271 38439432 34580039 91804719 49586604 129034955 48336600 44638705 33823355 37885013 42541170 12642616 36985625 21510207 88399414 22998340 5235585 10994249 58488048 25594832 22831961 100859830 101580886 60884240 25215551 23627116 31534853 31391330 95912 88989564 252160926 65187339 5833307 7727822 11719547 48709428 72958476 639744 178258845 6426421 105564377 40073835 1159000 14029173 65688954 43959696 27024264 9990529 34736415 27613905 50284626 35719603 36442441 19042281 35176429 23780590 1530477 72768362 138813783 24375973 43946998 16688503 73523564 31631278 10505059 41296607 12746201 7699313 178153040 47119503 525304 145133065 66156252 657041 24127184 1612961 3734865 113651787 44750856 34176990 12025196 21896849 19964811 121616885 139649599 14354011 100634087 9458629 109648018 5189076 27163352 188579921 44717771 41050338 116331093 54308798 49321425 15494163 333147 137288258 128134414 85785384
7802148 60846274 13184479 19374001 37371941 12745232 4574109 39854433 15711056 18931057 68040378 7780877 978533 60243568 124911808 40743048 8323503 21040367 30881930 2452972 12598619 1967161 142384231 2215595 10565276 12761519 3651271 38439432 5825682 36694410 32646360 1990072 18916988 44638705 15409887 32556167 6274456 22328136 2393946 21510207 50981624 949181 5235585 10994249 5989760 25950560 13243896 87495263 4125588 60884240 54852072 64001881 31534853 13658023 95912 56647704 37961991 65187339 2595534 7727822 64657009 7797158 18481698 8734879 96844878 6426421 27839537 1726340 1159000 14029173 65688954 24885803 41380029 44666007 141379684 27613905 50284626 57001644 34429946 19042281 62638233 23780590 1530477 15599836 3546525 24375973 34076539 16688503 74006636 31631278 10505059 47909979 6358250 26403717 26032187 47119503 525304 36664835 27359501 14646703 24955412 1612961 3734865 113651787 44750856 34176990 12025196 94256392 30913729 91268573 139649599 14354011 55789922 9458629 10272036 26560855 17260024 14731618 29354803 45941061 107779744 33183095 49321425 112841428 333147 23776680 7424833 7195138
32184365 68157095 13184479 10127688 61307765 12745232 27886755 134576869 42014630 18931057 61761777 137721496 978533 60243568 7297121 40743048 8323503 21040367 19255214 2452972 32608266 62445198 52348915 22676280 10565276 35366446 3651271 12453239 5825682 75478922 10649237 25153288 17679978 44638705 15409887 37885013 42541170 12642616 73945828 1548359 20105540 18663644 5235585 10994249 58488048 25594832 15681294 73582193 50854925 95211786 25215551 7902216 31534853 34820669 95912 56647704 33015699 6980804 18685279 7727822 11719547 24063408 18481698 639744 36012274 6426421 65616693 1726340 1159000 7336867 15568912 39362831 39710019 9990529 125559079 27613905 57118894 57001644 36442441 19042281 35176429 12852549 1530477 72768362 62667610 24375973 45893232 94411635 73523564 31631278 10505059 41296607 268884 7699313 19975656 47119503 525304 43637846 26614755 41747325 75917444 1612961 3734865 76939731 44750856 75300807 12025196 116942373 26213354 6329402 8263329 14354011 21140199 19239628 109648018 18196373 27163352 60711029 44717771 26070201 56958103 6850379 26543951 15494163 333147 23776680 5651990 7195138
23339507 127722290 13184479 28029711 83379810 3766471 4574109 21861454 21389875 5011980 9976382 21263790 4829201 60243568 163757653 14191890 8323503 21040367 2277172 15340352 13478717 62445198 4212015 70823535 2757464 2470502 3651271 74863116 9392580 91804719 5244888 41013572 10794924 41859731 21256902 15454990 531394 12642616 20522068 22525280 5403292 22998340 34263115 1178131 6330157 31314076 3030769 60110087 60749124 54942236 6921536 6737576 15999458 2293294 46926373 68462468 42950149 65187339 18685279 30875112 11719547 7797158 5547605 18422277 28953580 21078189 15569611 1726340 16285441 14029173 28740810 23979894 39710019 23538606 13435335 11569238 22681292 5633211 2963552 19042281 45629383 13130188 1530477 21279052 114831897 63359648 44923195 61323640 19659980 17939992 3405515 47909979 19123433 26403717 19975656 35409055 525304 70843466 13039371 17509633 14547779 4716912 22831927 113651787 63355576 17838148 12025196 64239091 17106983 17464270 12557386 14354011 84435171 47681866 61874726 35915497 9353080 10140183 26402681 49883072 72911432 33183095 37292664 9936774 333147 45819583 28896330 7810179
20618618 165862740 85449535 81152968 83379810 12745232 149717428 103586773 19732660 5011980 96537563 155645544 8769601 57887055 121470719 12083846 16270791 21040367 2277172 86321406 13478717 28908121 16866248 129040121 10565276 189258820 3651271 148819230 112583526 15229563 30819646 41013572 46698305 89659124 33823355 252417134 42541170 12642616 33459722 41776538 5403292 14851813 45470041 10994249 14182174 25594832 10155181 88329658 39446 67749763 6921536 23627116 31534853 28704027 71922834 30560466 180472998 65187339 5013692 25135066 11719547 123648894 72958476 18422277 80324161 18769333 47019403 102785545 34358052 47859585 64687334 23979894 44573994 9990529 40977543 61560173 179379214 5633211 46942287 19042281 45629383 13130188 3127394 46468038 52418202 34164510 36579090 61323640 17297688 36313217 10505059 32232213 39938233 26403717 17432647 35409055 525304 237950622 17380774 32585371 44432243 62012507 127817669 249237952 25499893 115105956 1433955 64239091 60671235 12631671 152786592 80498216 347869666 96917964 170036867 95992107 27163352 10140183 26402681 55913343 112596107 165650752 73033190 9936774 41866856 147800074 12734128 20140979
25307057 55825328 13184479 12736657 83379810 586349 4574109 41336724 19732660 74719064 25791193 21263790 51648621 35125776 185660087 77952756 8323503 16684006 23176980 30894791 13478717 62445198 4212015 30300967 10565276 144556977 3651271 75150734 2152463 1077159 49586604 41013572 10794924 44638705 33823355 15454990 42541170 12982391 22888321 14356518 9018652 22998340 34263115 10994249 12983347 31314076 22831961 53239987 17057576 67749763 64122307 23627116 1704005 28704027 71922834 68462468 50275560 24579468 18685279 123663484 11719547 33486579 32128614 639744 151165568 11516470 25789880 80353342 34358052 14029173 47254365 1127723 70466552 81464323 13435335 95751201 161562754 44294739 46942287 19042281 45629383 108422341 1530477 57931050 52418202 20754028 36579090 107155961 19659980 21447980 10505059 11695249 8181043 26403717 19975656 10082685 525304 5680857 16839664 17509633 6189676 1612961 37010980 89144518 5996934 115105956 1433955 1833124 30913729 17464270 65117761 4649865 148217062 116570558 61874726 45127652 9353080 33459626 26402681 49883072 72891166 33183095 26543951 9936774 333147 224557345 76318501 7810179
25307057 60846274 13184479 10127688 83379810 12745232 4574109 39837975 42014630 31113996 25791193 21263790 54634597 60243568 6148186 14137725 33948655 21040367 30881930 2452972 12060161 62445198 1326785 7876632 3508455 107719224 3651271 49922823 62808774 30902616 41080577 11121875 34397746 35634218 33823355 32556167 23836715 12642616 42629672 31932088 4770683 22998340 43168118 10195389 58488048 172132547 22831961 21824803 161185336 95211786 18646979 23627116 1704005 19251391 46926373 34751556 33015699 34727552 2595534 6171101 11719547 42174840 18481698 18422277 50002926 61807293 107218984 10292867 34358052 14029173 47254365 1127723 27024264 27071476 58724453 604362 17119519 35719603 46942287 19042281 31056860 11270016 280041 20506539 144480985 24375973 4605918 104083857 77355447 31631278 10505059 51820445 16873721 26403717 24965685 27526035 525304 43637846 43652218 26295262 75917444 12409772 37010980 69599815 5996934 141146721 1055109 21896849 5054040 122914215 44966366 14354011 53860321 47681866 19590973 18196373 11205519 10140183 11591887 50069796 44584326 149232408 71946748 15494163 333147 25157177 76318501 7195138
32184365 60846274 13184479 10127688 70624302 12745232 75406246 29732690 56920750 74719064 96537563 3298667 8769601 44272660 147814790 40743048 30322444 44627360 324371 105292267 45414673 46042705 40698180 27573323 10565276 96233202 3651271 13706076 43698027 830100 49586604 18448384 34397746 44638705 33823355 65450170 10613898 12642616 75178221 41776538 49431367 18685125 106092611 1304720 44252888 75581241 22831961 6648013 80860132 95211786 28874403 10449205 15999458 98322417 95912 56647704 71160532 24579468 37450946 1108540 3133669 43117369 4330895 639744 8030663 69410391 15569611 40073835 7769946 14029173 40824056 64040735 70466552 260349090 6506430 18968268 23512380 53904106 46942287 1891760 80967414 56033479 1530477 73190998 78942875 187765308 192456386 104083857 52984891 31631278 10505059 41296607 52130229 26403717 94133935 39468548 525304 43637846 147583479 32328827 53730901 53533371 49376558 72792420 63355576 25206830 152276919 113527306 17106983 42389102 152786592 14354011 43685476 122082491 230929112 81374929 27163352 28639394 44717771 71015624 116331093 54308798 26543951 51669489 333147 104809721 128134414 7195138
22792653 40067993 13184479 10127688 70624302 12745232 12102614 32222110 37912860 47536099 55010224 52428698 978533 1815630 85793662 4620385 16853472 3182830 30881930 30894791 14443229 11380210 49681799 70823535 10565276 105978672 3651271 38230921 98682757 1077159 10649237 25153288 40061830 12217976 15409887 91127844 36754161 12642616 66535980 1548359 20105540 18685125 38836354 10994249 10370632 25950560 12519816 79225231 35426548 67502063 1213363 7902216 2979882 31391330 95912 12104393 7325136 6980804 63647602 7727822 10487552 22378755 18481698 639744 28953580 5310577 15569611 1726340 7504939 14029173 7624649 54154070 18629517 44666007 34509554 18968268 18253020 2507547 29596909 12332029 73136182 23780590 1530477 1791382 62667610 2319043 8252532 94411635 38042837 10163626 10505059 28940122 268884 14004865 2461488 26516015 525304 43637846 2969958 36917776 4289706 64539980 3734865 69525999 9595164 24799047 12025196 25348046 17106983 68070395 88502075 14354011 25740644 5566258 131045388 79354060 27163352 28639394 44717771 1156880 4791918 33183095 49321425 13790828 333147 45858453 22815214 7195138
64581034 197073848 81099662 10127688 11166393 12745232 4574109 56122396 60569727 53515098 123417832 9989749 978533 24793855 121470719 10493831 70817828 54137573 324371 2452972 29429827 62445198 52348915 70823535 10565276 8060425 58305778 46391258 34580039 830100 49586604 68146466 185851227 44638705 15409887 65450170 6448356 46796228 133669517 21510207 88399414 949181 36214858 1304720 14182174 25950560 52170438 94669343 4125588 121221206 9755183 23627116 31534853 31391330 95912 32617510 37961991 63168311 107393424 165726642 11719547 7797158 141769506 639744 229849743 104347228 27839537 1726340 2473688 41380539 9647442 23979894 12602546 187784350 139412680 155717817 71787010 57001644 46942287 19042281 62051422 17715920 10766766 38638741 62639260 60807614 45893232 104083857 73523564 10163626 10505059 1896021 19123433 20743087 26032187 7587559 525304 43637846 147583479 45228631 47089124 53533371 3734865 113651787 2711556 25206830 1659049 21896849 30913729 6329402 61520155 47258638 21140199 122082491 205346087 41358386 17260024 24270063 44717771 71015624 80598573 54308798 83500532 15494163 867451 61382186 93386480 17297813
25307057 64060447 32180344 10127688 1868056 7270023 27886755 21861454 42014630 29667783 123417832 19633593 30437969 60243568 89770486 14191890 8323503 14928827 22218893 2452972 50053353 62445198 44717486 15298094 10565276 2470502 3651271 2803277 11561805 19084987 10649237 24264565 18916988 44638705 15409887 34661865 42541170 12543763 20522068 1548359 4770683 22998340 29895649 10994249 58488048 25950560 10155181 94669343 93828529 5237479 49794506 6737576 15999458 1961036 66858040 49634394 152675867 24579468 25069615 1108540 46651506 7797158 14563262 639744 18917145 42352620 15569611 1726340 1159000 7336867 15568912 6275280 23557186 27071476 55913100 25083098 54557916 55909980 46942287 11520143 7496460 7265798 25516693 33473353 29075931 75687952 74262973 28338667 47283090 33217793 10505059 4630572 16873721 26403717 26032187 26516015 525304 11941208 83741709 68366365 20027001 64539980 30068325 113651787 44750856 24799047 54578504 64239091 17106983 51287793 17159682 38784544 21140199 27711393 154265284 7613690 58694447 52383988 21430625 17481623 39462915 44349684 26543951 6750385 11387878 51754264 55034387 16613585
25307057 70410320 13184479 12736657 62307309 7270023 28761147 37427668 56920750 74719064 96537563 20752637 30437969 60243568 89770486 14137725 95561415 5293673 23176980 2452972 12060161 36475129 103178021 1686801 10565276 32043842 3651271 130169450 5309122 21871044 32646360 79721145 48336600 14565752 15409887 15454990 42541170 12642616 22888321 17090491 50981624 22998340 5235585 9978079 58488048 25594832 22831961 27068434 26113853 5237479 10331276 59557378 31534853 126725316 49323520 32399315 58023042 24579468 2595534 7727822 28604871 7797158 14563262 639744 72744775 81204441 25789880 19625200 1159000 7336867 4272784 6275280 44573994 9990529 13435335 27613905 7926622 35719603 34875440 1891760 48924105 17715920 1530477 57244154 20903899 26293371 4605918 39098586 47283090 31631278 10505059 4630572 12746201 26403717 26032187 39928050 525304 11941208 61498447 6641461 106018825 65276985 8450267 130134595 44750856 67413789 102388412 21896849 45291312 51287793 4851204 14354011 31595490 5566258 131077389 32232964 27163352 20687292 26402681 17481623 5456287 44349684 26543951 79514649 333147 924313 93386480 7195138
25307057 70410320 48420771 59429324 62307309 7270023 4574109 40805398 103058441 74719064 91795149 20752637 978533 31530469 45618663 14137725 8323503 15767900 4583727 2452972 52009772 36475129 94509957 30300967 10565276 35366446 58305778 143892781 5309122 84643977 32646360 129034955 18916988 14565752 15409887 15454990 46183897 12642616 7176766 21510207 121410873 41370363 45470041 10994249 64188151 22395575 10155181 94669343 84964436 5237479 10331276 23627116 31534853 76906323 125924597 56647704 59362181 24579468 144877120 7727822 11719547 7797158 14563262 639744 36012274 47827709 25789880 10292867 1159000 7336867 15568912 6275280 25288032 44666007 13435335 27613905 179379214 35719603 46942287 11520143 15979141 92842395 10766766 57244154 9970459 26293371 74262973 99608989 47283090 63462497 12135679 4630572 12746201 26403717 26032187 47119503 525304 11941208 61498447 68366365 73534345 1612961 3734865 113651787 8488744 67413789 102388412 21896849 5054040 51287793 152786592 210737662 20327782 56638720 121927977 32232964 27163352 106880943 179709463 17481623 75765173 44349684 26543951 6715885 63231224 924313 42988430 7195138
25307057 97213123 13184479 31312792 53413721 12745232 4574109 21861454 56920750 18931057 61761777 33144734 58967655 60243568 45618663 48410342 44922830 5293673 4583727 2452972 32608266 1967161 90724116 3486407 442167 32043842 3651271 75338170 5825682 34021862 32646360 79721145 48336600 14565752 15409887 25188290 42541170 12543763 20522068 17090491 50981624 949181 29895649 9978079 58488048 25950560 10211956 94669343 84964436 5237479 164001946 6737576 31534853 19251391 13791106 56647704 58023042 24579468 81174092 45258848 11719547 7797158 14563262 639744 72744775 6426421 71185891 1726340 26566166 7336867 15568912 6275280 27024264 44666007 14849967 27613905 56218959 11176616 46942287 1891760 62638233 17715920 1530477 33473353 29075931 26293371 74262973 41730893 73523564 31631278 10505059 12398049 16873721 26403717 26032187 47119503 525304 11941208 27359501 6641461 44271665 1612961 30068325 113651787 35561194 2054579 48468141 64239091 10878302 51287793 4851204 14354011 31595490 5566258 10272036 7613690 27163352 60711029 71570163 73748548 24421901 6850379 26543951 15494163 333147 924313 55034387 7195138
25307057 231972810 13184479 10127688 18007067 3766471 41110479 140078891 56920750 27470127 86101458 236972408 978533 60243568 115365454 14137725 50706162 40793082 18398511 30894791 32608266 10393610 4212015 129040121 9685356 123549582 3651271 49922823 19196554 43809909 49586604 107095159 10794924 12217976 15409887 37885013 195799941 12642616 73945828 1548359 20105540 18685125 48680993 10994249 10370632 25594832 85853728 38117314 17057576 81065866 18646979 23627116 8032091 39235114 79152063 68462468 6205166 44862946 76668448 7727822 11719547 22378755 48466603 18422277 28953580 6426421 15569611 1214311 1159000 14029173 18820445 114679120 47731723 1137316 161775990 604362 71787010 17860770 46942287 19042281 77385318 11854821 1530477 33473353 17831195 24375973 34423398 27312935 146417918 10163626 60682563 42771134 52130229 11173529 81992276 47119503 525304 43637846 66156252 45228631 61108067 64539980 3734865 113651787 63355576 100055974 64551008 21896849 17106983 68070395 17159682 14354011 100634087 96917964 145917063 32432377 9353080 28639394 11591887 48583318 4851042 45483389 64592319 15494163 333147 31986332 107557624 58948195
