6036591 22236352 577103 4639359 30085570 12745232 36656871 21861454 35778699 27470127 35160386 38753552 978533 22542142 7297121 28630812 3548436 21040367 22218893 2452972 192846042 4746177 1995183 4907306 1521360 6883532 1328245 6784298 105699780 91804719 5804463 83195238 18916988 987119 15409887 34661865 8188398 12642616 20522068 1548359 20105540 8601071 29895649 10994249 8887445 25950560 12519816 19582265 90985235 2447645 79867739 6737576 31534853 31391330 13791106 5881872 3538586 44862946 93608448 7727822 11719547 7797158 13502449 639744 1995120 16417600 15348190 1214311 17630691 14029173 18820445 146037518 29734872 1137316 55913100 61560173 56218959 55909980 33221132 4495274 62638233 17715920 1530477 33473353 29075931 12213438 75167144 16688503 9084765 31631278 10505059 5018778 52130229 26403717 4252776 31110565 525304 75960859 12331989 5408768 27760642 21823458 3734865 41516428 44750856 67413789 1055109 13510617 12138914 106104047 30586562 808716 25740644 19239628 176305209 7613690 27163352 10140183 33168778 49883072 112596107 16419135 37292664 15494163 333147 25157177 22815214 7195138
7802148 62454927 85449535 25716779 30665755 7270023 27886755 30218414 66191506 29667783 16334147 21263790 978533 59747123 97401798 23261848 8323503 14928827 3942631 30894791 258105365 39884000 34640939 78997329 118813739 12426897 3651271 1791998 63582255 11423745 49586604 79721145 18916988 11774193 15409887 28939109 30247338 12543763 13109845 21510207 61498643 22998340 24074876 10994249 14182174 25950560 19039461 134501779 168456209 7881288 1213363 26176089 8476056 6402693 95912 22279586 58023042 65187339 73899298 7727822 91209867 7797158 41777440 8734879 1995120 37029247 117434807 40073835 34358052 26467824 15568912 69789378 27024264 107119430 2340465 32662532 17119519 55909980 24773281 19042281 73136182 17715920 11386779 73190998 78942875 6810476 33901239 74664367 47283090 9547829 57680507 4630572 16873721 26403717 26032187 39687437 525304 145133065 84866263 45228631 24127184 38427690 3734865 18669107 44750856 63521230 1055109 13775772 2456990 23370356 19447582 90374370 86019296 56638720 58657430 41358386 58694447 191384492 44717771 17481623 116331093 44349684 49321425 129762378 40617820 25157177 42988430 16613585
23339507 139637031 17471454 25003553 1868056 12745232 25138064 21861454 39442722 29667783 86457870 123304315 19725372 18333186 97401798 47298863 33948655 21040367 22218893 25280716 113192913 62445198 45419299 30300967 442167 13886831 88906915 41984871 82808158 14932338 49586604 158462736 48336600 44638705 15409887 34661865 8188398 35666947 20522068 1548359 20105540 17348197 29895649 10994249 80914069 25950560 43740085 38117314 59706306 4660124 18646979 6737576 31534853 148603969 13791106 88989564 92934701 24579468 69326865 14333510 11719547 31246012 14563262 18422277 17609717 258717930 18078431 1214311 34358052 7336867 15568912 6219360 27024264 38330743 26904888 76865966 58266317 57001644 46942287 1891760 48924105 11854821 25516693 56745019 7175705 26293371 69545342 15392655 73523564 11542398 10505059 29060417 16873721 26403717 24068562 47119503 525304 125829515 27359501 52058661 23501009 17642090 30068325 6966753 44750856 30748811 7078671 147748413 96331620 144974941 38865723 18176579 60163813 73485683 50032016 26560855 19232051 54921802 56035551 124730555 72891166 16419135 26543951 15494163 41866856 160678947 41760103 16613585
8773339 70410320 13184479 32475938 53413721 12745232 23947135 35187362 27455312 23949956 61761777 20752637 30437969 60243568 55026338 48410342 47445943 14928827 16923390 30288884 50053353 36475129 38603101 27573323 442167 8060425 3651271 58750075 110001238 54301029 34640093 5950965 27785602 44638705 15409887 37123814 6448356 12543763 22888321 41776538 75963793 22998340 41362371 10994249 58488048 25950560 10155181 94669343 89918788 4660124 1213363 26176089 15999458 1137888 95912 26403168 54458199 26520094 69358783 69562197 33657981 7797158 18481698 18422277 17609717 122190595 9796199 1726340 2405196 14029173 71345889 6219360 27024264 137005738 60146577 36846383 53180018 11176616 5878544 19042281 73136182 17715920 1530477 17392088 20812316 6810476 86638268 16688503 72168189 31631278 10505059 41296607 12746201 26403717 26032187 47119503 525304 52477916 20373828 3666588 47089124 27761777 13543691 113651787 2711556 19429843 52880779 60353443 17106983 87541080 44966366 8197349 86019296 16026452 203674168 41358386 928844 33196341 29354803 1631549 20169717 6850379 64592319 79514649 333147 7913794 47420378 7195138
28524754 22236352 578767 25716779 1697416 12745232 41110479 9365538 66191506 53515098 74368199 54914465 156908231 60243568 77173705 14137725 60370771 14928827 23176980 55218215 45414673 62445198 90724116 11342137 10565276 3859574 3651271 19172296 5309122 91804719 5804463 19952968 48336600 44638705 15409887 37123814 8188398 12543763 23270607 13848534 4770683 22998340 2634144 10994249 8887445 25950560 10155181 65357827 43182901 242843268 79604968 69986434 31534853 19251391 112811557 56647704 25348768 24579468 93608448 68347721 7379377 19521446 18481698 639744 36344307 16417600 12212761 1726340 34358052 7336867 34361600 146037518 27024264 27071476 10429143 19045825 54557916 35719603 46942287 1891760 70069639 5185298 818301 73190998 18613787 12213438 51718350 137106252 72514257 41489100 10326809 41296607 9434343 20799026 32907912 39928050 525304 156809045 144431826 42460057 73534345 65276985 28682151 59212733 11962605 81831463 101391510 21896849 5054040 93689828 62636721 18176579 60163813 21644550 51857237 32432377 9865036 33196341 19302769 54697221 5456287 139122744 26543951 156184474 33575358 74209826 53309237 7195138
32184365 97892700 49418357 2969361 1868056 12745232 63025095 124302705 66191506 47536099 61761777 123304315 978533 87892374 49664815 37232391 26947611 21040367 30881930 2452972 29429827 11623615 158946564 27573323 55737549 107719224 31086640 143892781 34580039 15229563 49586604 55717413 48336600 29304206 68521474 34661865 46183897 12642616 2039215 1548359 20105540 49685976 318750 10994249 101820067 154284246 5742133 93588217 94077553 5237479 1213363 146216363 15999458 1357287 95912 56647704 8502165 65187339 98660876 7727822 10457503 7797158 14563262 18422277 28953580 87024466 15569611 1726340 34358052 47859585 15568912 337482 4233421 55589323 29208139 148770796 37861009 55909980 13914220 1891760 73136182 194899492 10766766 33473353 33329241 6810476 74262973 39098586 73523564 238478583 10505059 24241532 16873721 26403717 16074838 41046619 525304 20987476 184122686 36823422 73534345 64539980 3734865 8032411 33977065 67413789 64551008 11239867 17106983 38211182 152786592 138385014 90767460 46970979 8466703 26560855 27163352 54921802 44717771 124730555 40817845 6850379 49321425 139322731 129414887 46058541 41760103 7195138
23339507 70410320 577103 2042686 55650870 12745232 41110479 21861454 4625899 29667783 23260126 43044956 30437969 60243568 45618663 9612631 69284562 15767900 495536 2452972 32608266 1967161 82037419 127725150 10565276 35366446 3651271 29330471 956960 66590795 26524661 48265591 48336600 42571596 15409887 31637031 8188398 2564115 2648421 17635614 21866280 22998340 5235585 10994249 47232915 25950560 12519816 27068434 101580886 12631220 49794506 6737576 31534853 19251391 48499430 56647704 35817613 65187339 2595534 7727822 131895 7797158 14374920 18422277 28443241 34031937 18078431 1726340 2473688 14029173 15568912 38811750 44573994 38330743 14849967 51423547 156670463 35719603 42388788 19042281 3894181 54476066 1530477 17392088 20812316 34164510 34423398 15392655 73523564 1306560 10505059 12398049 12746201 11173529 26032187 38031538 525304 52477916 20373828 38381912 23501009 49311740 30068325 22446573 44750856 67413789 12025196 21896849 5054040 72548051 25528223 5643091 31595490 39710560 10272036 32432377 27163352 5741081 26402681 50426880 116331093 6850379 37292664 61804304 333147 924313 22815214 7195138
27452549 231972810 13184479 31312792 132721297 12745232 59598325 159809555 56920750 31113996 86101458 33144734 54634597 60243568 185660087 14191890 165595761 131972567 9703418 79851102 5914475 15212389 43020983 27573323 97190759 123549582 3651271 51627086 253978623 67326183 39673243 129034955 54332702 58495579 33823355 17977406 118313836 12642616 73945828 41776538 88399414 22998340 100719138 9631845 58488048 25594832 12519816 20110402 2793969 86646387 25215551 52606242 15999458 31391330 66858040 68462468 35817613 24579468 129553852 45258848 30700059 77983099 79527872 18422277 28953580 6426421 15569611 40073835 23774012 7336867 90956381 146037518 237888107 9990529 2965661 11569238 111626510 51964663 46942287 19042281 5560214 364257839 1530477 40839033 148615901 27963670 196767550 11252474 73523564 31631278 10505059 2623718 52130229 26403717 178153040 220629 525304 70843466 93765590 40632044 64632857 64539980 91367847 22361386 35156073 81831463 139771717 25348046 17106983 94674512 38911980 14354011 31595490 48472190 35616049 45127652 17260024 24270063 9701078 73748548 72911432 33183095 26543951 137799172 333147 924313 22815214 94807891
28524754 2951165 13184479 4639359 1868056 12745232 39518510 63492951 56920750 27470127 15785484 21263790 30437969 60243568 7297121 14137725 53570375 14928827 3942631 2452972 5914475 112664305 52348915 27573323 24625300 8060425 3651271 13706076 9592355 68631813 5804463 16935723 5398487 12217976 33823355 137035955 42541170 12543763 2039215 41776538 27997659 22998340 4562938 10994249 8887445 3338430 10155181 3761101 65690519 48525052 49794506 24221404 31534853 12292136 77475343 34751556 7325136 65187339 11311793 1895617 84232849 7797158 13502449 18422277 172138917 16417600 107585893 1726340 1159000 7336867 4435764 38591790 13539231 48194028 29208139 20200126 11017391 12713310 28524973 1891760 62638233 50300872 1530477 17392088 17831195 12213438 86638268 11252474 73523564 1398102 10505059 24446652 16873721 7699313 26032187 69084152 525304 43637846 93765590 17509633 26128484 53533371 37010980 22361386 35156073 67413789 70763181 64239091 34038075 17464270 17159682 14354011 270331493 19239628 134928444 32432377 15141942 6176711 29354803 45474480 116331093 5144557 52182823 17655382 333147 30348589 40359209 7195138
32184365 2951165 81099662 4639359 62307309 12745232 63025095 166345275 101816612 92747545 78593806 139299112 52820306 87892374 97401798 104747425 95561415 14928827 9703418 2452972 5914475 33840806 90724116 27573323 118813739 107719224 1328245 13706076 299628108 91804719 131192657 83195238 34397746 251306921 41737954 34661865 46183897 12543763 133669517 143165404 88399414 49685976 126305331 10994249 152106618 22395575 5742133 211654431 65690519 5237479 43303018 233346600 15999458 31391330 216236161 56647704 6257252 65187339 37450946 25135066 46651506 34021208 13502449 18422277 28953580 288805913 15569611 13351648 1159000 47859585 15568912 6275280 27024264 278271406 29208139 61560173 57118894 57001644 34429946 1891760 160148902 63933780 25516693 46468038 155847706 34164510 74262973 169561454 73523564 1349777 10505059 29060417 16873721 26403717 129924619 69084152 525304 226903243 95578735 37130642 27760642 64539980 49376558 22361386 35156073 248019699 70763181 222699899 17106983 144974941 17159682 90374370 299891809 19239628 121927977 52206643 194353614 54921802 105794160 124730555 116331093 16419135 119888008 17655382 41866856 73991092 41760103 7195138
4464726 100384027 25981485 25716779 1868056 9005141 85024905 45947912 37912860 53515098 96537563 35084111 39312491 60243568 157218086 98986852 33948655 100817506 30881930 134028140 50053353 109838073 1995183 27573323 24625300 78611100 3651271 132487486 149731336 1077159 131192657 69110196 5398487 6400241 15409887 13820506 42541170 12642616 75178221 21510207 154471361 22998340 54458448 10994249 58488048 25950560 22831961 81221169 297924394 105250558 1213363 69986434 15999458 31391330 23812288 101438736 175665615 63168311 109522322 7727822 64657009 7797158 79527872 9578677 28953580 23289999 7590338 1726340 1159000 47859585 47358698 51180145 70466552 81464323 91047917 61560173 13862978 51423336 1889812 19042281 19247202 194899492 25516693 16345834 13292636 6810476 280443906 48786318 17391524 1398102 60203920 148333240 84192107 26403717 26032187 86948944 525304 98479 144579668 162823947 24127184 1612961 154269589 22361386 63355576 67413789 46957258 40566290 10878302 280972808 141763510 808716 21140199 96504366 26057859 26560855 27163352 73912660 26402681 245579470 4851042 238331483 17719310 171076745 63231224 160678947 4361437 17015667
27389917 97213123 13184479 25716779 1868056 4854178 36656871 32222110 16621238 15916153 86101458 38753552 978533 18333186 97401798 148410436 33948655 53628680 30881930 2937948 6058334 15212389 34236834 86714177 10565276 70479450 3651271 38230921 105699780 114392001 32646360 79721145 42076312 44638705 33823355 37885013 8188398 22328136 16707827 21510207 88399414 18663644 5235585 10994249 58488048 25594832 13243896 19582265 161185336 7563117 25215551 59557378 31534853 126725316 13791106 56647704 117977864 65187339 68542848 7727822 64657009 37026474 18481698 639744 96844878 87024466 65616693 1726340 34358052 7336867 7624649 30965330 27024264 9990529 6711283 27613905 17119519 41189854 33221132 19042281 64676538 23780590 1530477 33473353 22882906 4617577 45893232 41730893 140798419 31631278 10505059 65263441 16873721 26403717 106448672 29369338 525304 70843466 27359501 45228631 44271665 21823458 3734865 96951287 44750856 81831463 64551008 117132215 39989206 121616885 8263329 14354011 34678756 96917964 180038644 26560855 77012515 4233399 85479121 5691197 147117384 33183095 64592319 13790828 333147 150074969 67618436 7195138
28524754 22236352 3109322 31312792 1868056 3766471 4574109 21861454 56920750 47536099 86101458 19633593 978533 31530469 45618663 14137725 46002 21040367 4583727 2452972 6225916 1967161 4212015 31786583 442167 59088155 3651271 38230921 15748529 15175546 5804463 20611320 10794924 12217976 4134210 61641225 6448356 12642616 16707827 1548359 20105540 1149973 5235585 10994249 8887445 25594832 22831961 19582265 93828529 7563117 1213363 6737576 14517516 19251391 23812288 56647704 7325136 45784081 31485026 7727822 7379377 7797158 18481698 639744 97815411 16417600 44587469 1214311 3351193 7336867 7624649 75120355 44573994 9990529 6673280 604362 71787010 10001869 33221132 17834704 24071410 23780590 1530477 38638741 22882906 4617577 21052163 15392655 53130299 31631278 10505059 31151434 14326384 11173529 26032187 31110565 525304 70843466 20373828 28791299 21260521 1612961 3734865 22446573 2711556 67413789 5969938 7500048 28177194 9961826 17159682 8186911 21140199 24009737 10272036 618915 9353080 29444054 26402681 5691197 24421901 577250 37292664 6715885 333147 924313 55034387 7195138
28524754 97213123 13184479 25716779 1697416 8545765 36656871 21861454 56920750 15916153 32430065 2099748 978533 18333186 63462746 14137725 851198 21040367 22218893 2452972 6058334 62445198 116940330 6154693 442167 3859574 3651271 38439432 5825682 20656453 5068242 6341692 42076312 14565752 15409887 32556167 8188398 12642616 16707827 1548359 20105540 18685125 5235585 10994249 55250810 25594832 10155181 52146317 3464106 7563117 21442131 6737576 16907777 31391330 13791106 1354638 44974271 24579468 2595534 7727822 11719547 7797158 9355033 639744 36012274 8304383 12212761 1726340 1159000 7336867 18820445 49624994 11534536 9990529 6711283 10377927 17119519 35719603 42537678 19042281 19247202 7265798 1530477 17392088 3546525 19137558 24458163 8300737 131228213 17969640 10505059 23003252 16873721 26403717 26032187 15390773 525304 98479 20373828 18380948 24955412 1612961 3734865 67944279 44750856 19533532 46957258 7500048 39989206 93689828 4666414 3123361 18801251 47442142 99864122 8840910 27163352 20687292 19302769 5691197 39743243 6850379 3784307 15494163 333147 18314621 7728417 7195138
7802148 89267028 577103 25716779 1868056 12745232 36656871 21861454 56920750 29667783 75826550 49665801 4829201 18333186 48517100 119039763 8323503 21040367 22218893 30288884 152835860 1967161 46238940 11342137 10565276 6883532 3651271 62992169 23909840 10930507 34640093 31601492 18916988 42571596 15409887 68180759 6448356 12642616 20522068 1548359 20105540 949181 5235585 10994249 14182174 25950560 22831961 53239987 12551448 4660124 1213363 6737576 31534853 5058094 95912 56647704 58023042 63168311 70653456 21855807 11719547 7797158 6024264 639744 1995120 23289999 76900304 1726340 34358052 14029173 88368610 6219360 27024264 44666007 9926118 18968268 13862978 39970985 23683780 1891760 26220172 7265798 1530477 17392088 20812316 6810476 117790531 16688503 52984891 1398102 10505059 5018778 16873721 26403717 26032187 39928050 525304 3406297 27359501 23843410 44271665 53533371 30068325 3136695 2711556 67413789 1055109 79745773 5054040 37620500 17159682 14354011 21140199 27711393 10272036 32432377 27163352 60711029 21430625 19890755 4851042 33183095 4615701 15494163 333147 924313 44956331 7195138
170058183 139637031 13184479 31312792 1868056 12745232 83009053 37427668 39442722 42287965 25791193 21263790 8769601 18333186 58887991 84328927 16853472 21040367 44920927 2452972 80867572 62445198 97814501 27573323 10565276 16543311 3651271 82094862 97228115 91804719 122571845 55706483 40528433 58495579 33823355 32556167 1803037 36659561 117761669 1548359 20105540 22998340 29895649 9978079 58488048 3338430 22831961 53239987 161185336 4660124 91567142 59557378 23157198 19251391 48499430 101438736 117977864 65187339 31485026 45119947 28604871 7797158 72958476 639744 170177651 120292347 153828980 63537099 34358052 14029173 4435764 6219360 29734872 44666007 99847031 95751201 179379214 57001644 46942287 19042281 35176429 23780590 1530477 1791382 17831195 26293371 192456386 21976884 188843573 31631278 10505059 4105657 52130229 26403717 2461488 47119503 525304 70843466 26614755 45586308 14547779 132820310 37010980 42514211 44750856 30748811 5969938 128093042 10878302 37620500 8263329 14354011 45194725 95693583 154890939 12324686 19232051 16262229 148814983 26070201 27040494 6850379 28450967 57686958 333147 73991092 41760103 16613585
7802148 62454927 13184479 31312792 1868056 3766471 36656871 28509606 4625899 27470127 15479950 8225904 978533 18333186 58887991 104747425 33948655 14928827 19123649 2452972 133093267 4746177 4212015 27573323 10565276 12426897 3651271 91204633 11148494 48551330 49586604 16137671 10794924 44638705 15409887 32556167 6448356 12543763 22888321 1548359 20105540 949181 72607702 10994249 31472737 25950560 10155181 53239987 17057576 7563117 1213363 16408713 31534853 19251391 95912 56647704 50275560 24579468 20221883 7727822 11719547 7797158 18481698 639744 12681370 36720293 7131938 1726340 26566166 7336867 4435764 73481097 4680196 44666007 2340465 2558631 13862978 57001644 46942287 19042281 3894181 23780590 1530477 33473353 24568794 6810476 86638268 21976884 50414918 1398102 10505059 15349394 16873721 26403717 26032187 35740991 525304 70843466 3350896 23843410 44271665 131372129 3734865 67744199 2711556 67413789 12025196 46920659 10609440 45996548 28341236 13595181 31595490 63958582 251819665 26560855 9353080 856299 33168778 67236444 69528343 20815462 4615701 15494163 333147 924313 663968 7195138
