5876842 55155472 577103 6660046 1868056 12745232 28813068 21861454 36563039 47536099 86101458 8225904 16427246 18333186 35274158 91123104 9155976 21040367 22218893 2452972 50053353 4746177 25455312 27573323 5553579 6883532 3651271 171413495 105699780 48551330 17442857 16137671 48336600 42571596 15409887 25216840 6448356 12642616 20522068 1548359 20105540 949181 29690346 9978079 7342833 25950560 5742133 38117314 90985235 7563117 1213363 6737576 15999458 1137888 95912 54153597 7474670 24579468 70653456 14333510 11719547 7797158 7795343 639744 28953580 10394921 15569611 1214311 13103779 7336867 4435764 73481097 27024264 44666007 2340465 2558631 39446690 55909980 46942287 1891760 230729 17715920 1530477 38638741 28613145 6810476 34423398 16688503 52984891 31631278 10505059 41296607 16873721 26403717 26032187 7587559 525304 70843466 26614755 23296509 28669890 64539980 28357922 61978475 2711556 52826067 1055109 21896849 10878302 24299332 30586562 13595181 2607330 56638720 105750003 26560855 27163352 10140183 9701078 45474480 3624144 33183095 4615701 11647470 333147 924313 4454056 7195138
32184365 5389782 13184479 10127688 1697416 12745232 41110479 10122102 42014630 53515098 31136352 20752637 153159290 31530469 97401798 77952756 8323503 210612416 23176980 117433863 12060161 62445198 2709498 11342137 5553579 3859574 3651271 38439432 34580039 36694410 32332222 41013572 18916988 12217976 15409887 25216840 42541170 35954329 91799994 21510207 88399414 22998340 13008340 10994249 58488048 25950560 22831961 94669343 101580886 7563117 10331276 23627116 15999458 19251391 30510119 34751556 7325136 24579468 26889552 7727822 11719547 7797158 18481698 639744 27248432 10394921 1736579 1726340 1159000 7336867 60036345 9698290 25288032 176478046 22236584 27613905 71787010 10343514 36282913 19042281 62638233 50300872 1530477 68354842 20903899 27963670 7357303 25662160 17391524 31631278 10505059 42771134 5209575 26403717 15357325 39543295 525304 20006334 61498447 6641461 73534345 1612961 64838112 61978475 11962605 67413789 83021782 208850795 5054040 45996548 8263329 14354011 71616742 7877656 131077389 18196373 58694447 82257495 8002705 26070201 5456287 21330747 26543951 6715885 333147 17210850 4361437 7195138
38165850 223707075 13184479 10127688 30665755 12745232 42820937 41336724 56920750 3885382 86101458 182793919 8769601 18333186 7297121 98986852 24378110 102001158 58431295 185602870 58278269 112664305 37173556 70823535 29303325 70479450 3651271 28257163 18562786 69593445 49586604 68925280 5398487 89653390 33823355 38502727 241392695 12642616 91444066 41776538 49431367 22998340 2634144 10994249 58488048 265085659 31038503 100859830 179190894 95211786 135045477 69986434 1704005 31728187 14504135 77272544 33015699 65187339 107393424 25135066 84232849 123648894 7172175 18422277 101863197 61807293 77895637 220409905 1159000 14029173 47254365 1127723 45517337 107600586 53854563 11569238 23512380 57001644 28524973 19042281 204953920 15741221 1530477 17392088 18613787 72201287 199163493 48786318 77355447 31631278 60325222 32238565 52130229 26403717 60127798 39468548 525304 43637846 93765590 42460057 26128484 53533371 46436177 113651787 5996934 63521230 36218127 15616098 45291312 154889697 139649599 11846597 376801378 122082491 138107944 79354060 27163352 88554052 29354803 34585296 72911432 84510835 185924801 57686958 333147 224557345 128134414 17297813
32184365 48252843 13184479 2969361 1868056 12745232 37985077 65815885 22383659 42287965 25791193 21263790 8727534 60243568 185660087 141995594 33948655 21040367 324371 117433863 32608266 112664305 12603960 70823535 2123144 32832956 3651271 8516796 149731336 830100 106501111 68925280 5398487 70647555 4134210 34661865 143801990 12642616 43978067 28361234 88399414 18685125 54458448 1304720 58488048 25950560 293546 88329658 94077553 95211786 79867739 69986434 15999458 31391330 14504135 56647704 60043694 63168311 107393424 7727822 46651506 7797158 18481698 639744 28953580 44454484 15569611 154021760 34358052 14029173 90956381 69789378 29734872 55589323 17117097 604362 52494416 10001869 28524973 1891760 76254131 21205984 1530477 46468038 1972380 24375973 14854696 48786318 81179900 31631278 10505059 27381846 52130229 26403717 26032187 70248969 525304 22716938 66156252 5408768 73534345 53533371 37010980 22361386 63355576 1543963 112873907 40566290 17106983 144974941 139649599 11846597 21140199 91104400 40951625 5940629 27163352 28059643 26402681 73748548 116331093 32543376 108835186 81288399 333147 18938031 128134414 7195138
32184365 21945488 13184479 10127688 70972886 12745232 5960666 24309088 56920750 74719064 86101458 9989749 12702596 32733444 185660087 39867633 129116303 18894477 324371 2452972 16015923 62445198 52348915 27573323 10565276 107719224 3651271 81139563 2152463 830100 44874489 41013572 5398487 18232760 15409887 55205512 531394 13021383 68224262 1151825 31305854 18685125 38558170 1304720 58488048 25594832 10155181 57320899 140705999 67749763 25215551 34149758 15999458 19251391 53193513 7847457 10601792 20494064 37450946 109022549 86184462 7797158 18481698 639744 439933 10394921 9355128 82595323 34358052 7336867 9647442 257548 43548265 9990529 98293197 95751201 70617246 51827263 28524973 19042281 62638233 56033479 1530477 1674076 114831897 27963670 86638268 48786318 21256435 10715836 60325222 54820914 42688457 26403717 26032187 26516015 525304 39545151 89334721 93523679 6189676 53533371 13517114 101832405 41632081 24783028 19197159 56689352 17106983 112425209 28341236 14354011 124805475 87967004 46721059 92713001 17260024 24270063 9701078 45474480 83913649 7015724 31202563 54729143 333147 73765598 128134414 7195138
23339507 221324041 13184479 6095258 35134757 12745232 63025095 21861454 56920750 42287965 68155071 183514730 3055791 60243568 185660087 96245249 42081993 3182830 22218893 33768559 32608266 17150192 34236834 24362647 48083446 107719224 3651271 13706076 115141263 46729682 51236284 60343079 5398487 64852489 16933391 55205512 42541170 12642616 20522068 41776538 208830701 22998340 37458697 1304720 58488048 13080075 22831961 19582265 26113853 95211786 119773601 6737576 31534853 31391330 77475343 12104393 252160926 61350777 107393424 25135066 67741356 123648894 18481698 18422277 151165568 47689911 18078431 1726340 7769946 14029173 21625670 86668600 44573994 38330743 29208139 61560173 23512380 57001644 28524973 19042281 53253949 23332952 1530477 46468038 3983901 34164510 21477162 48786318 73523564 31631278 26557306 9843741 52130229 26403717 177472685 31110565 525304 43637846 12815956 55276601 23501009 132820310 30068325 37004781 50679498 200146813 70763181 121712325 33363266 45996548 25528223 14354011 21140199 80841888 23275026 92713001 27163352 55646028 42428267 73748548 116331093 134513791 37292664 154645515 333147 27972358 40901812 7195138
7802148 41141618 13184479 25716779 1868056 7270023 27886755 56122396 37912860 29667783 86101458 40757901 978533 60243568 121470719 96940281 8323503 14928827 23176980 2452972 6257634 62445198 45419299 30300967 2410503 12761519 3651271 29330471 24851155 1077159 43001263 41013572 18916988 5021872 15409887 29463249 3630989 12543763 13109845 1548359 20105540 22998340 48680993 10994249 14182174 25950560 22831961 38117314 4125588 5237479 1213363 23627116 2979882 31391330 95912 56647704 50275560 24579468 18685279 7727822 11719547 7797158 18481698 639744 7198878 23289999 65616693 1214311 17630691 7336867 4458422 1179274 41380029 44666007 34736415 604362 13862978 57001644 46942287 19042281 56779516 17715920 1530477 17392088 20812316 6810476 34423398 41730893 47283090 1398102 10505059 4630572 19123433 26403717 19975656 47119503 525304 70843466 27359501 52121676 44271665 21823458 3734865 32825289 44750856 55021664 1055109 33030819 10609440 6329402 11366464 14354011 86019296 63958582 173207653 26560855 16492813 29444054 29354803 17481623 4851042 33183095 3784307 13790828 333147 25157177 69205109 7195138
25307057 14907319 27535737 60434183 1697416 12745232 28761147 21861454 66191506 57767016 123417832 69975359 30437969 41489043 165870781 12884132 109213966 21040367 22218893 95805687 74167179 62445198 8661516 27573323 10565276 3859574 89048660 6784298 149731336 36694410 27323419 53381801 34397746 12217976 15409887 133134450 8188398 351045 2705256 41776538 76186555 22998340 5235585 10994249 120588125 25950560 162709588 76861840 26194302 68997008 7385493 6737576 31534853 5058094 42003396 101808832 7325136 65187339 37450946 1895617 104662798 7797158 27572717 18422277 1995120 46868659 12212761 7746335 34358052 47859585 76037421 146037518 44573994 137005738 14849967 50385477 4638317 11176616 46942287 19042281 21807368 50300872 25516693 68354842 114831897 27963670 192456386 122703666 72514257 55813656 10505059 5018778 12746201 26403717 26032187 41046619 525304 120804491 83027460 25018219 89439464 65208142 30068325 22446573 44750856 67413789 124098444 7500048 123965859 93689828 86030890 18176579 31595490 47442142 154610311 54676744 294428 33196341 19302769 42051222 116331093 44349684 37292664 17655382 41866856 924313 53309237 7810179
13561161 101888518 13184479 25716779 42462817 12745232 41110479 164323256 13528128 29667783 11915186 189275331 20231142 56037520 7297121 119039763 33948655 14928827 23176980 30894791 19464591 62445198 86795327 30300967 10565276 13886831 3651271 66634551 5309122 91804719 49586604 26013447 48336600 44638705 15409887 41005946 531394 12543763 37207174 12833290 4770683 22998340 29895649 10994249 10370632 25950560 10155181 23591160 79945968 13306115 18646979 26176089 15999458 19251391 77475343 34583875 17404057 24579468 109522322 68347721 16212043 23506131 18481698 639744 1995120 22536118 15569611 1726340 2473688 14029173 89054194 21408447 44573994 27071476 29208139 46101497 54557916 55909980 42537678 1891760 6671765 23780590 1530477 17392088 17831195 24375973 86638268 14729316 73523564 31631278 10505059 5018778 19123433 26403717 32907912 38909838 525304 3406297 20373828 177344509 53684055 17642090 49376558 42514211 44750856 52826067 1055109 90242211 5054040 68070395 33817972 14354011 56323297 19738654 32445478 26560855 46137141 29444054 26402681 18178541 38929275 6850379 26543951 83861697 333147 25157177 40359209 7195138
25307057 5389782 13184479 6660046 1868056 12745232 36656871 21861454 56920750 6196322 79239216 63275533 30437969 18333186 97401798 57885213 33948655 14928827 22218893 84270909 58278269 36475129 20231177 27573323 62366688 35366446 32662 146809084 8028041 39385331 5804463 31601492 48336600 42571596 10293882 68180759 8188398 12543763 20452833 41776538 44259914 22998340 5235585 10994249 8887445 27469473 5742133 90055307 168456209 29477188 49794506 6737576 31534853 31391330 13791106 56647704 114439237 65187339 93608448 7727822 11719547 34021208 18481698 639744 36012274 16417600 33048166 1726340 7769946 7336867 41760886 143214949 27024264 92798575 29208139 50385477 23512380 44539931 34429946 19042281 11050417 65387561 1530477 72768362 85599003 12213438 86638268 16688503 73523564 31631278 10505059 41296607 16873721 7699313 32907912 35409055 525304 43637846 4040924 26295262 44271665 51653638 30068325 58876653 44750856 81831463 70763181 79745773 123965859 122914215 86030890 14354011 100634087 122082491 173207653 26560855 63517096 73912660 44206128 57614512 116331093 145073455 37292664 15494163 333147 67330443 53309237 7195138
25307057 22236352 85449535 10127688 1868056 12745232 36656871 63492951 19162425 20468678 24464597 136129608 27219897 60243568 7297121 29485153 33948655 14928827 23176980 117433863 10006387 62445198 45419299 27573323 2757464 107719224 3651271 76046428 5309122 91804719 5804463 34028444 48336600 44638705 15409887 22118339 23177687 3270608 2648421 12833290 24095429 22998340 2634144 10994249 8887445 22395575 10155181 2434794 75274114 63981367 18646979 69986434 23157198 34820669 13791106 56647704 15896701 13901840 20543469 1909403 16212043 7797158 18481698 639744 2240352 12602731 36046085 1214311 13103779 47859585 89636330 23979894 29734872 92798575 99847031 53199481 112853756 57001644 24773281 19042281 53671272 12852549 11386779 57931050 17831195 12213438 86638268 3042407 53130299 2923775 10505059 29060417 19123433 26403717 26032187 7587559 525304 43637846 1168472 14646703 26128484 10233001 3108940 9203328 11962605 67413789 1055109 21896849 60214546 45996548 152786592 23102968 21140199 1675404 121927977 12324686 16492813 55727325 26402681 10175954 15048002 6850379 26543951 22783015 26062749 634538 151655558 7195138
23339507 231972810 577103 14362980 1697416 12745232 24407532 56122396 56920750 18931057 86101458 38753552 19725372 60243568 89770486 71264342 33948655 21040367 30881930 49656573 77207265 4746177 7101577 35950919 442167 3859574 3651271 62992169 28523827 91804719 44874489 41013572 48336600 44638705 15409887 68180759 30975525 23326197 73945828 1548359 20105540 949181 108920106 10994249 58488048 25950560 22831961 94669343 17057576 7563117 23140098 12381333 31534853 31391330 95912 68462468 43725430 21303490 2595534 15126596 11719547 7797158 14803189 639744 1995120 6426421 12212761 1726340 34358052 14029173 15568912 146037518 27024264 38330743 89902914 25083098 8288111 55909980 2481391 19042281 39635768 17715920 1530477 33473353 29075931 24375973 75167144 16688503 68192863 31631278 13548741 5018778 16873721 26403717 26032187 26516015 525304 75960859 27359501 23843410 23501009 53533371 52040643 6966753 63355576 67413789 42558637 128093042 12138914 65293302 4071763 14354011 25740644 52407790 50032016 26560855 43564275 20687292 7369243 26070201 116331093 33183095 73033190 13790828 333147 7913794 128134414 8409137
23339507 122906889 13184479 10127688 1868056 12745232 4574109 10122102 56920750 18931057 39893672 10469463 30437969 60243568 25232709 14191890 2729275 15767900 22218893 2452972 32608266 62445198 1995183 66259095 10565276 78611100 3651271 72036904 5309122 19084987 49586604 41086782 9555136 44638705 15409887 15454990 531394 35954329 20522068 1151825 20105540 22998340 29895649 10994249 10370632 25950560 65706464 52146317 79945968 7563117 49794506 6737576 31534853 96580360 63285128 5881872 58023042 21303490 21212413 15126596 11719547 7797158 18481698 639744 124077091 6426421 18078431 1726340 17630691 14029173 55017059 23979894 69293984 38330743 13435335 12432934 71787010 18431591 46942287 19042281 39635768 17715920 1530477 73190998 20903899 26293371 15245144 26553776 145496789 31631278 12135679 2995097 14326384 26403717 26032187 47119503 525304 3406297 66156252 45228631 23501009 1612961 30068325 106306170 63355576 11273110 75116546 65939975 2456990 68070395 8263329 808716 55789922 56638720 234311211 41358386 16492813 18233960 7369243 26070201 116331093 44349684 37292664 13790828 333147 23776680 20877683 7195138
13561161 5389782 13184479 21163120 1868056 12745232 29459730 28509606 10643369 40510848 82500533 19633593 4829201 60243568 45618663 14137725 19702301 14361969 3942631 30288884 32608266 10393610 48304588 27573323 10565276 45900431 3651271 55945292 34580039 34288904 32646360 79721145 34397746 34187238 15409887 32556167 6448356 12543763 9634497 1548359 20105540 949181 12751524 10994249 14182174 25950560 1559309 9156563 22252933 4660124 49794506 17549493 19520886 31391330 13791106 56647704 35817613 24579468 37450946 7727822 28604871 7797158 18481698 639744 39791688 5101510 31494869 1726340 1159000 14029173 7624649 3557009 5137966 70166499 12555170 33310401 79270721 6446752 46942287 19042281 24071410 11854821 1530477 21017046 17831195 2319043 33734184 41730893 31023720 31631278 10505059 15349394 19123433 25667244 24068562 38330503 525304 70843466 27359501 23843410 44271665 36950143 42855794 42514211 1497278 9019839 64551008 21896849 45291312 93689828 8263329 14354011 24650850 13437134 166116872 54676744 19367702 10140183 33168778 26070201 4851042 24309678 26543951 47091847 333147 44986395 4454056 7195138
27389917 100384027 176625302 25716779 1697416 12745232 121759699 173117958 66191506 24111854 39751424 69975359 978533 10000742 87748761 5688534 8323503 100817506 30881930 30894791 198509097 148332659 162746645 240161205 105697146 3859574 38514042 42865883 525365271 377401182 34640093 182222237 18916988 44638705 255728084 61641225 528947376 131372203 2648421 21510207 48060875 125329202 44308309 10994249 179939150 51045167 305291881 88329658 5495530 34403146 7330357 34698352 31534853 19251391 94346270 68462468 141065073 65187339 1917696 7727822 221654948 63582404 33657268 639744 313756158 61807293 12212761 229384097 34358052 26467824 34361600 1689832 47472666 137005738 6711283 236158227 57118894 57001644 105356629 19042281 70069639 56033479 25516693 73190998 29075931 24375973 35845710 282852184 585549586 65859190 10505059 19829171 173129790 26403717 43085331 35409055 525304 33666844 147583479 331509974 111795380 49311740 3734865 411526554 122086644 200146813 103061330 241387430 21935286 121616885 120746122 26305510 100634087 19239628 77377461 165443117 86558988 33196341 19302769 49883072 90632731 228725716 239102752 129762378 74086243 235152828 245657316 14140776
13071310 22236352 13184479 32018106 1697416 4642707 4574109 63492951 56920750 47536099 25791193 21263790 978533 10000742 87748761 5688534 8323503 59166662 23176980 2452972 120464517 514128 34640939 22676280 10565276 3859574 3651271 6784298 34580039 3304999 5804463 129034955 18916988 44638705 15409887 6209932 42541170 12642616 91444066 1548359 20105540 18685125 72287839 10994249 8887445 25950560 13243896 28190605 101580886 34403146 1213363 15140367 8476056 1137888 95912 68462468 127264603 24579468 1917696 7727822 11719547 42356331 62534314 639744 207694826 8304383 12212761 1214311 34358052 7336867 89636330 1689832 27024264 53786245 6711283 61560173 71787010 35719603 14529417 19042281 62638233 11854821 1530477 46468038 3546525 4617577 35845710 94411635 50411121 17969640 10505059 19829171 12746201 24621850 19975656 29369338 525304 33666844 73526701 657041 24955412 53533371 3734865 25629198 60828714 81831463 36218127 21896849 5054040 85436614 139649599 14354011 6820192 47442142 150869402 5189076 16492813 28639394 19302769 5691197 90632731 54308798 26543951 6715885 333147 73991092 100354209 14140776
21322280 9450473 25981485 81152968 1868056 12745232 54879282 133877958 42014630 53515098 61761777 197766566 30437969 10000742 6148186 14137725 8323503 100817506 23176980 2452972 210548246 62445198 10336853 22676280 9685356 35366446 23668400 38230921 85347906 38701711 32646360 53381801 18916988 44638705 15409887 19523514 49815654 12642616 91444066 21510207 88399414 22998340 45470041 10994249 14182174 25950560 10155181 6020821 48667407 34403146 1213363 34698352 19316394 12990612 23812288 68462468 6257252 24579468 1917696 14333510 20240421 7797158 59332047 639744 34778218 23289999 9355128 1214311 13103779 7336867 9647442 1689832 44573994 1137316 6711283 89686461 17119519 35719603 82304971 19042281 64676538 23780590 11386779 57931050 922647 4617577 75167144 16688503 53130299 216603690 10505059 19829171 12746201 26403717 16993970 7587559 525304 33666844 82043257 6641461 73534345 53533371 92845158 22446573 50679498 67413789 1055109 21896849 5054040 45996548 80508279 47258638 174533474 19239628 16186721 12324686 27163352 10140183 33168778 5691197 4851042 6850379 26543951 107035408 41866856 25157177 7424833 16613585
