27067630 47197421 81099662 25716779 62307309 27688260 3139012 24309088 102183878 30427726 69977965 267848141 39312491 60243568 6937434 47785271 328266014 102001158 3942631 2452972 51893852 95990778 30890606 27573323 2123144 107719224 3651271 97217422 115141263 39385331 131192657 3278712 5398487 3621148 33823355 177723476 87890603 12642616 39908548 3495730 115365885 18663644 318750 10994249 58488048 95040542 35594242 211654431 24500378 59593549 91567142 69986434 31534853 65984900 301730398 56647704 352696881 67951628 16624700 25135066 127338624 127833606 1633930 18422277 220101576 10394921 241209922 1726340 1159000 91490534 90956381 18317134 80290709 196256129 64980911 30146967 13490318 31932089 28524973 144787801 15254937 72927211 87148938 36235947 102698206 24375973 45893232 20997276 73523564 189969156 105794091 41296607 135577417 33061070 210109009 39468548 525304 310060283 252215704 25002800 175571160 27761777 75455789 256375535 63355576 115105956 35187936 56689352 37304169 133083767 204544906 41080232 96071783 16026452 346760225 76737206 27163352 106595774 9701078 7024962 116331093 34591551 94411789 185909872 63231224 73991092 55604821 7195138
66336735 86218366 13184479 10127688 286282741 12745232 63025095 33040991 56920750 15916153 86101458 9989749 8769601 31849355 118798111 59440895 95561415 53628680 324371 117126452 323679 112664305 52348915 27573323 23574465 105978672 3651271 13706076 99986933 830100 49586604 129034955 5398487 44638705 9681359 41005946 531394 12642616 43978067 451764 24692371 18685125 38836354 1304720 10370632 75581241 21506101 100859830 140705999 80158197 53200604 69986434 15999458 6819069 77475343 68462468 117969175 65187339 107393424 105976694 10487552 12716220 38858434 18422277 28953580 10394921 15569611 78763322 7769946 14029173 89636330 21408447 5460437 126706830 29208139 19045825 23512380 57001644 28524973 1891760 80967414 181089173 1530477 73190998 1972380 173896819 34076539 48786318 6646444 31631278 148936089 90798279 52130229 26403717 58703716 37112748 525304 43637846 66156252 32585371 53668768 39325455 49376558 113651787 63355576 71705591 10311322 117132215 17106983 68070395 42999467 14354011 23721698 58949913 173207653 92713001 27163352 10140183 9701078 72096479 68779287 134513791 229170435 81288399 333147 83232211 128134414 29236430
27389917 71822824 13184479 10127688 94323160 12745232 347914 21861454 13863367 36814707 25791193 21263790 39312491 26781158 125886614 40743048 2729275 102001158 3942631 30894791 13119288 40431069 52348915 33622505 31339677 1744225 3651271 13706076 115141263 8461552 35956249 32254386 5398487 6400241 2779910 13820506 42541170 82783341 20452833 4739350 12819139 22998340 37458697 10994249 10370632 10868656 22831961 475855 12551448 22466563 28874403 81347 31534853 48803727 10105749 124403355 7270392 4584792 21212413 22153527 61943937 7797158 15195153 16030228 22427860 10394921 21333021 1726340 7769946 14029173 9647442 2425321 67975322 260349090 9926118 604362 23512380 49412146 28524973 7056641 35120673 15199663 1530477 33473353 103253278 118391333 8252532 48786318 48579498 14681107 86816403 2470408 7973029 26403717 26032187 39468548 525304 7400950 67548974 32585371 61108067 47898001 30068325 3136695 63355576 67413789 36218127 21594521 37304169 34201127 42391211 14354011 14419939 28884049 46721059 81374929 76474386 9268321 9701078 71015624 116331093 59763692 37292664 112841428 333147 149117431 28755273 94807891
11620388 22236352 28211234 4639359 110130737 5227896 63025095 25101055 103058441 42287965 9620790 21263790 978533 38843218 7297121 71264342 70817828 14928827 3942631 2452972 58278269 36475129 48304588 27573323 24625300 24403809 3651271 13706076 39764565 39385331 5804463 16935723 5398487 25861008 33823355 277250787 87890603 12543763 19277332 41776538 24095429 18663644 2634144 10994249 8887445 25594832 31038503 26096331 12551448 44364100 25215551 69030943 31534853 31391330 44817381 56647704 11884709 63168311 11311793 78757291 28604871 7797158 13502449 8734879 108371126 12602731 100582513 1726340 7769946 47859585 4414242 69789378 27024264 9990529 9926118 6357009 13862978 55909980 28524973 1891760 21807368 23780590 10317129 3817576 17831195 12213438 45893232 48786318 73523564 1398102 55639868 41296607 16873721 26403717 26032187 39468548 525304 43238631 182407031 32585371 27760642 65276985 3734865 3136695 63355576 67413789 36218127 79745773 39989206 34201127 17159682 77541783 3743841 47681866 151100472 32432377 8292609 10140183 33168778 45474480 116331093 44349684 17978247 61325998 79634914 52077939 40359209 3581849
14311709 9222148 20396576 2969361 53413721 3766471 65129973 21861454 103058441 3885382 25791193 21263790 8727534 38843218 7297121 39867633 24378110 14928827 22218893 2452972 13478717 62445198 4212015 78599062 2410503 99337835 3651271 13706076 9592355 68155280 43943441 21395823 5398487 2266595 33823355 4823059 23177687 12543763 20522068 41776538 9018652 11278556 2634144 10994249 32230959 65258852 5742133 862284 48667407 174204764 64122307 2763495 31534853 112310199 9957205 32617510 33015699 63168311 107393424 25135066 75805475 34021208 18481698 8844460 48685868 10394921 95649717 1726340 34358052 47859585 65688954 69789378 27024264 55589323 34736415 4472553 42054543 271480 28524973 19042281 103815191 56033479 25516693 3817576 922647 246303826 34423398 31180241 78746646 80401594 148936089 36396772 16873721 26403717 71444704 47119503 525304 43637846 287964849 32585371 101367504 53533371 30068325 12329488 63355576 91018426 64551008 15624288 37304169 60682725 17705170 41080232 21140199 19239628 46721059 89578858 9353080 10140183 9701078 7024962 86908753 6850379 37292664 108285924 38039519 73991092 41760103 7195138
32184365 522476 13184479 10127688 1868056 9005141 59762370 21861454 22383659 3885382 25791193 21263790 8727534 60243568 7297121 40743048 24378110 14928827 324371 2452972 10006387 1967161 30890606 27573323 2123144 24403809 1328245 1570590 9592355 830100 5804463 16935723 5398487 2266595 2779910 4823059 30873703 12543763 20522068 17090491 4770683 11278556 2634144 10994249 8887445 65258852 10155181 4687665 12551448 5237479 91567142 2763495 31534853 31391330 30133226 32617510 33015699 63168311 37450946 68347721 28604871 12716220 14563262 8734879 48005915 16417600 1883935 1726340 7769946 14029173 4435764 6275280 25288032 27071476 9926118 4472553 23512380 57001644 28524973 19042281 56599259 23780590 1530477 1791382 922647 12213438 74262973 31180241 73523564 31631278 60318867 29060417 16873721 26403717 2461488 39468548 525304 3406297 93765590 37258469 14547779 53533371 30068325 3136695 63355576 75300807 94323810 15624288 90405836 60682725 17159682 14354011 21140199 73485683 10272036 52206643 39829220 28639394 1323925 7024962 86908753 6850379 37292664 9936774 333147 73991092 41760103 7195138
32184365 9222148 81099662 10127688 107453206 9005141 41110479 114396737 66191506 42287965 78593806 99081003 29130529 60243568 58584386 14191890 57443294 10982478 30881930 2452972 10006387 36475129 44717486 27573323 10565276 82683012 3651271 13706076 9592355 84643977 94578314 68925280 5398487 12217976 2779910 14210674 42541170 12642616 74756056 41776538 66117302 11278556 2634144 10994249 10370632 25594832 22831961 88329658 81322585 153760948 20225826 7902216 6896559 19251391 14504135 32617510 7325136 6980804 63647602 1108540 28604871 7797158 18481698 16354603 48005915 12602731 27839537 63455204 7769946 21560247 40824056 21408447 10718445 9990529 29208139 604362 23512380 57001644 13914220 19042281 18738402 56033479 25516693 41134779 13292636 26293371 6889935 31180241 1415293 33217793 60318867 36396772 14326384 26403717 26032187 39468548 525304 43637846 16866890 101090927 61108067 122714292 46436177 12329488 63355576 67413789 27894746 42913745 90485558 60682725 44966366 11846597 150936419 19239628 138107944 32432377 17260024 13288898 26402681 7024962 8179792 387343868 64592319 94570586 867451 61382186 33914304 7195138
32184365 47197421 13184479 10127688 1868056 12745232 59598325 41336724 39442722 31113996 86101458 139299112 30437969 31530469 7297121 98986852 91532780 100817506 324371 2452972 50053353 88565726 37173556 70823535 2410503 107719224 1328245 38230921 43698027 830100 131192657 3278712 5398487 89659124 33823355 34661865 19127230 12642616 91444066 41776538 121342868 22998340 2634144 10994249 38548375 22395575 12519816 93588217 24912182 5237479 43303018 9575449 1704005 67049812 77475343 56647704 33015699 65187339 53689069 25135066 28604871 112722070 7172175 18422277 20975762 87024466 1883935 41534516 1159000 7336867 47254365 1127723 29734872 187784350 34736415 604362 23512380 12713310 28524973 19042281 79783755 52390220 1530477 33473353 18613787 26293371 51718350 20997276 77355447 31631278 22907215 29060417 52130229 11173529 31900160 35409055 525304 43637846 93765590 111607558 73534345 53533371 91367847 41516428 5996934 30748811 36218127 25348046 17106983 18002778 50262070 14354011 190998118 73485683 46721059 52206643 27163352 58358807 56035551 50069796 55835521 33183095 89728811 6715885 333147 73991092 22815214 7195138
27389917 22236352 25981485 32018106 1697416 12745232 135879136 63492951 66191506 74719064 96537563 255524357 215392452 31530469 97401798 205766525 8323503 75706002 30881930 30894791 176802299 62445198 162746645 16695132 10565276 3859574 58305778 143892781 7835521 38701711 5804463 79721145 18916988 44638705 15409887 32556167 49815654 12642616 2648421 95290341 537621 49685976 73746094 10994249 8887445 25950560 52170438 94669343 161185336 17685996 1213363 23627116 31534853 31391330 95912 56647704 100530778 65187339 26889552 7727822 11719547 104165778 18481698 18422277 96844878 16417600 12212761 451510185 34358052 47859585 7624649 73481097 27024264 1593635 3630710 236158227 143966354 57001644 46942287 19042281 5773856 11854821 10766766 5255830 29075931 6810476 75167144 169561454 50411121 324900962 12135679 148333240 4453606 26403717 24965685 47119503 525304 99518324 268172239 6641461 75917444 49311740 131889478 76939731 33977065 200146813 137264658 116942373 46320946 85436614 152786592 90374370 100634087 122082491 145917063 18196373 27163352 29444054 19302769 3788776 91716566 54308798 83500532 6715885 41866856 96088291 311568851 7195138
58716205 165862740 27535737 10127688 125816887 12745232 4574109 55969131 19162425 23817128 24464597 24706357 63243798 2462612 45618663 50846145 4716094 10006145 4583727 1642549 58278269 62445198 38603101 27573323 10565276 70479450 58305778 38439432 15748529 91804719 49586604 53381801 13477378 44638705 21256902 15454990 87890603 22328136 133669517 41776538 73606320 949181 45470041 10994249 101820067 66491490 10155181 88329658 150335186 7563117 96367398 26176089 14517516 12990612 59798562 60066546 38404060 65187339 107393424 24878296 28604871 7797158 42739557 639744 10897469 61807293 25789880 16711786 2473688 41380539 48634024 1689832 46571933 120625455 13435335 69425759 24838795 57001644 24773281 19042281 35176429 11854821 2549423 73190998 29075931 26293371 44503946 26553776 153269974 29179568 10505059 19829171 14326384 26403717 26032187 47119503 525304 43637846 147583479 6641461 73534345 53533371 19660636 22446573 1497278 67413789 111362852 64239091 30913729 58500280 17159682 75281371 115384933 15716144 173207653 43830613 16492813 28639394 26402681 49883072 112596107 6850379 113878028 41301122 13290005 73991092 29742012 7810179
5254208 127722290 13184479 10127688 489746 12745232 4574109 5519376 56920750 53515098 5386105 21263790 978533 60243568 87307397 50093811 8072171 14928827 3942631 2452972 54639271 1967161 37173556 22676280 10565276 12761519 3651271 95751038 43698027 54538559 49586604 30547793 18916988 34187238 15409887 4823059 28177608 12543763 20522068 21510207 49849162 18663644 32655280 4217188 14182174 25950560 22831961 1621265 66184978 26112684 113787683 6737576 1704005 42423929 18828718 56647704 130950857 9010686 18685279 1108540 11719547 19133139 6024264 639744 40466669 61807293 18078431 1726340 34358052 14029173 15568912 1127723 39710019 38330743 112317563 51423547 13862978 57001644 24773281 8287626 80967414 54476066 1530477 73190998 67925277 34164510 17645557 18540500 73523564 1398102 55639868 36561732 52130229 20743087 19975656 39543295 525304 43637846 16839664 32585371 23501009 53533371 3734865 76939731 5996934 163863793 1055109 7909370 10609440 48005489 61520155 14354011 25740644 63958582 10272036 12324686 19367702 5000434 11591887 3788776 116331093 33183095 37292664 9929019 333147 25157177 55034387 7195138
32184365 22236352 13184479 32018106 110130737 12745232 121759699 39854433 56920750 29667783 86101458 69975359 8769601 31530469 45618663 159649497 47445943 59166662 3942631 2452972 59250640 112664305 12044505 35950919 5553579 83231999 3651271 217687998 3962382 68631813 5804463 41013572 4106486 12654718 1392995 25216840 42541170 12642616 22888321 451764 24692371 18685125 72607702 10994249 8887445 25950560 22831961 88329658 179190894 67749763 1213363 26176089 12935670 19251391 95912 56647704 66352177 63168311 22652859 7727822 30700059 52549583 18481698 8734879 12275835 16417600 7590338 1726340 23774012 14029173 89636330 120816158 27024264 53448141 9068854 12051376 17119519 57001644 21428427 19042281 6752736 23780590 1530477 73190998 146208027 6810476 183417415 104083857 17391524 4955074 10505059 1896021 16873721 26403717 43085331 162334151 525304 132386760 44751095 657041 67453484 53533371 91104249 128380397 63355576 200146813 102388412 19902610 60671235 45996548 134618993 14354011 21140199 48472190 146740510 5189076 27163352 10140183 26402681 70312612 107779744 54308798 52182823 6715885 333147 63352157 4361437 7195138
11620388 22236352 13184479 6660046 1697416 5227896 4574109 32222110 56920750 53515098 20370762 13739678 63301560 60243568 41152612 10493831 16853472 21040367 3942631 2452972 8541531 69667588 12044505 27573323 23574465 3859574 3651271 16475790 15619 15229563 5804463 21450925 12752528 44638705 15214655 19523514 30247338 12642616 75178221 12833290 4770683 18685125 32403943 10994249 8887445 25950560 5742133 56001861 21458242 5237479 18646979 42933258 12935670 31391330 23812288 56647704 37961991 5566806 17224507 7727822 41400192 7797158 18481698 639744 28953580 11206590 7590338 1726340 7769946 14029173 9647442 15583862 27024264 27071476 64980911 27613905 13862978 35719603 1889812 19042281 70069639 23780590 1530477 51715573 37645912 12213438 34423398 92443231 17391524 1398102 10505059 41296607 16873721 26403717 14940356 39468548 525304 99518324 26614755 5935994 75917444 64539980 19660636 60806267 11962605 67413789 90273720 19902610 4531426 30532387 51939251 14354011 4208354 54095890 26057859 13851314 17260024 10140183 19302769 11581212 4851042 6850379 21252916 61804304 333147 1196488 4361437 3581849
13561161 101888518 20469476 10127688 61650166 4642707 4574109 12866454 60380480 53515098 68040378 69975359 978533 87892374 7297121 10493831 8323503 48593068 324371 2937948 50053353 62445198 45419299 16695132 10565276 19049009 27062174 46391258 34580039 830100 15263802 119967539 18916988 44638705 15409887 32556167 30247338 12642616 19277332 21510207 48060875 18663644 2634144 10994249 105907088 25950560 35594242 3761101 26194302 98983654 49794506 23627116 15999458 12990612 13008718 49634394 33015699 65187339 18685279 7727822 11719547 7797158 18481698 8734879 25534318 61807293 15569611 1214311 2473688 7336867 65688954 43494955 44573994 18739391 29208139 41809304 50284626 1656116 46942287 19042281 7496460 17715920 25516693 46468038 18613787 7046953 45893232 124730381 54592843 59231088 10505059 41296607 19123433 7699313 19975656 7587559 525304 43637846 5141649 69294875 20570138 1612961 3734865 45509577 45153869 67413789 5969938 3850536 17106983 45996548 51939251 26484542 31628901 19239628 173207653 41358386 16492813 33196341 130542942 45474480 96598334 52938621 32085309 15494163 41866856 42746995 118926060 7195138
23339507 22236352 1012722 12736657 35829513 7270023 4574109 12866454 36563039 29667783 68040378 194586649 52820306 38843218 97401798 28630812 33948655 14928827 30881930 45467939 36466448 62445198 20231177 70301515 10565276 12235750 3651271 38230921 34580039 91804719 5804463 99528481 43334069 44638705 6913064 48022234 531394 351045 19024682 1548359 9018652 949181 45470041 10994249 8887445 25950560 10155181 26096331 24912182 95211786 64122307 5041457 31534853 32040102 95912 56647704 35817613 65187339 16005021 19189781 11719547 123648894 18481698 639744 36344307 16417600 18078431 1726340 18680976 14029173 18820445 6164076 27024264 18739391 113667765 604362 112853756 43884210 19290440 19042281 43427074 36181218 1530477 3817576 17831195 12213438 8252532 113718613 47283090 31631278 10505059 4630572 16873721 26403717 20007320 7349615 525304 3406297 66101236 25002800 23501009 53533371 91367847 113651787 50679498 78017680 64551008 25348046 30913729 18002778 139649599 14354011 11581792 73485683 44048926 26560855 294428 24270063 44717771 17481623 55835521 47053114 83500532 13790828 333147 42746995 22815214 7195138
56501408 5414865 13184479 2969361 30085570 6264343 41144296 57256952 19162425 15916153 61761777 38753552 236483 26063781 45618663 70425716 13032038 8728276 4583727 2937948 32608266 17362300 38603101 11720078 9685356 32043842 3651271 81349592 3962382 43809909 49586604 129034955 33332974 35038240 6058397 4823059 9965949 12642616 12658973 41776538 50981624 949181 25423706 10994249 10370632 25950560 22831961 100859830 15567212 7563117 1213363 25240986 15999458 12990612 46926373 68462468 17404057 24579468 76668448 9404898 28604871 7797158 38858434 639744 28953580 5310577 12671820 1726340 17630691 7336867 9647442 23979894 12602546 1137316 66999989 48976978 10451662 57001644 24773281 1891760 73136182 11854821 1530477 57931050 3546525 6810476 45893232 98350837 68192863 10947694 12135679 24958164 19123433 14004865 21316887 7779038 525304 43637846 37943447 5408768 24955412 47105790 3734865 37302662 63355576 67413789 6472195 72616918 17106983 5244765 4071763 14354011 24512866 19239628 205058911 10651469 27163352 10140183 33168778 3788776 12116442 6850379 26543951 4215500 333147 96088291 128134414 7810179
32184365 34523566 81099662 10127688 232585025 12745232 59598325 32222110 66191506 31113996 61761777 33144734 72685474 120890631 91435830 304072451 140178310 55932140 29205883 2452972 32608266 103779680 52348915 35950919 2410503 107719224 13810314 34792907 34580039 43809909 10649237 25153288 60373192 44638705 15409887 108223956 87890603 12642616 73945828 21510207 78253264 49685976 45470041 10994249 101820067 25594832 52170438 132340347 15567212 420818493 25215551 25240986 31534853 39235114 130584906 56647704 94759044 44862946 76668448 169087501 28604871 33997400 18481698 155064 34778218 6426421 117434807 222351756 34358052 47859585 65688954 23979894 69293984 1137316 34736415 11569238 14233874 57001644 24773281 19042281 140482022 76551291 10766766 73190998 257764569 26293371 83019404 106145519 68192863 73083398 12135679 179461808 19123433 26403717 28009658 256933975 525304 43637846 66156252 6641461 73534345 20564164 38405348 37302662 33977065 86109224 103061330 152019664 80140872 165209059 17159682 76557243 24512866 19239628 205058911 12324686 27163352 134100693 140999223 3788776 72911432 6850379 246117541 25086720 1406877 73991092 93386480 7195138
