27389917 5389782 13184479 10127688 1697416 7270023 4574109 32222110 37912860 42287965 82500533 33144734 6247353 60243568 97401798 14137725 3981988 21040367 30881930 30894791 13478717 36475129 34640939 27573323 2410503 3859574 3651271 60788042 27767680 1077159 5804463 69110196 48336600 2727417 4134210 4823059 42541170 12642616 7176766 41776538 4770683 949181 5235585 10994249 8887445 25594832 12519816 38117314 24912182 40619923 25215551 28754318 8476056 19251391 59798562 40923525 7474670 44862946 16845068 7727822 16212043 108906472 6024264 18422277 28953580 16417600 12212761 1214311 16285441 7336867 47109420 23979894 27024264 1137316 6673280 25083098 54557916 10001869 46942287 8287626 25809120 97650771 1530477 33473353 17831195 12213438 5401967 99608989 47283090 31631278 12135679 4630572 16873721 5791495 43085331 26516015 525304 43637846 5141649 5935994 61108067 1612961 39651909 113651787 28399035 75213400 64551008 25348046 17106983 18002778 4071763 14354011 21140199 96917964 119159586 26560855 17260024 13288898 19302769 5691197 85667749 33183095 78789711 61325998 333147 14572116 22815214 7195138
7802148 22236352 13184479 31312792 53413721 7270023 41110479 63492951 42014630 15916153 79239216 38753552 978533 37849631 7297121 57480514 10134115 21040367 23176980 2452972 13478717 1967161 5214486 30300967 13616423 12761519 3651271 61273900 17505460 48551330 5804463 129034955 41828220 12217976 15409887 19523514 13345380 12642616 91444066 1548359 537621 22998340 5235585 10994249 8887445 25950560 10155181 38117314 79945968 7563117 1213363 10479783 19316394 19251391 77475343 56647704 7325136 24579468 109522322 1108540 16212043 1818928 18481698 639744 96844878 16417600 9355128 1214311 34358052 7336867 15568912 1689832 27024264 92798575 79439321 25083098 17119519 55909980 46942287 1891760 35176429 23780590 1530477 5255830 114831897 6810476 5401967 16688503 47283090 31631278 95795974 4630572 9434343 26403717 26032187 70248969 525304 97068916 66156252 5935994 61108067 65276985 3734865 81024152 28399035 67413789 64551008 116942373 10609440 37043979 42391211 14354011 100634087 47442142 10272036 26560855 18845838 33196341 49800914 5691197 112596107 33183095 26543951 123445450 333147 73991092 128134414 7195138
25307057 22236352 79794134 32018106 130246071 12745232 4574109 57256952 4625899 15916153 96537563 20759943 978533 104955393 70121820 14137725 33948655 14928827 30881930 2452972 12387187 62445198 90724116 2215595 10565276 3321329 80274875 176648477 5309122 8461552 5804463 129034955 5398487 35634218 15409887 37885013 87890603 12543763 20452833 21510207 88399414 49685976 318750 10994249 8887445 25950560 40455246 96969154 129622147 53774505 49794506 23627116 31534853 12292136 95912 56647704 199940175 8554106 132873837 7727822 11719547 7797158 18481698 18422277 4207670 16417600 177412006 262542605 26566166 41380539 4435764 146037518 70466552 44666007 79439321 27613905 13862978 12032024 28524973 6459471 12625791 21205984 25516693 57244154 29075931 12213438 4605918 48786318 74649522 1398102 10505059 71320283 186316740 26403717 26032187 47119503 525304 161328110 258391018 29529228 111795380 1612961 3734865 113651787 2116641 56104475 102388412 21896849 30913729 80274373 86149680 15610862 60163813 9458629 173207653 26560855 16492813 55727325 44717771 124730555 4851042 54308798 64592319 15494163 45859327 7913794 75682362 7195138
25307057 22236352 13596527 32018106 53413721 12745232 4574109 53957794 4625899 57767016 96537563 148748435 978533 123417543 70121820 132168377 33948655 14928827 30881930 2452972 12387187 62445198 90724116 86664484 10565276 3321329 58305778 143892781 34580039 8461552 5804463 79721145 5398487 44638705 15409887 32556167 49815654 12543763 91444066 21510207 88399414 49685976 36214858 10994249 8887445 25950560 10155181 94669343 129622147 53774505 18524692 23627116 15999458 96580360 95912 56647704 199940175 65187339 81174092 45258848 11719547 7797158 18481698 639744 4207670 16417600 15569611 178629719 26566166 41380539 4435764 49624994 44573994 44666007 55913100 106029005 13862978 12032024 28524973 6459471 12625791 21205984 10766766 57244154 29075931 12213438 52064896 48786318 74649522 1398102 10505059 70437152 19123433 26403717 26032187 47119503 525304 226903243 147583479 42460057 26128484 1612961 3734865 113651787 2116641 67413789 103061330 21896849 17106983 167142571 86149680 15610862 124805475 11245394 272749956 26560855 27163352 73912660 44717771 39845873 4851042 44349684 83500532 15494163 41866856 45821498 162564257 7195138
32184365 41141618 13184479 2969361 137180010 12745232 27886755 63524820 24514381 3885382 2566525 69975359 30437969 60243568 94345913 10493831 18266897 54137573 30881930 2452972 10006387 31721214 145626251 16000187 29610799 8060425 3651271 46391258 115141263 20656453 32646360 56023350 54332702 33738362 33823355 64742805 3630989 12642616 91444066 41776538 48060875 22998340 52431247 10994249 36910814 3008958 5742133 88329658 164945332 59071408 49794506 69986434 15999458 19251391 62185981 34751556 52261540 65187339 49594417 7727822 18321993 22378755 18481698 16012145 2304109 23289999 15569611 1726340 7769946 14029173 7624649 15528492 44573994 55589323 64980911 604362 23512380 2439012 1889812 19042281 12625791 100466392 1530477 46468038 120477656 34164510 86638268 60896596 143970406 12532583 10505059 8241887 32000058 26403717 32907912 39468548 525304 161328110 4233503 24366782 26128484 64539980 62471192 63456668 50679498 56104475 362370 24138786 17106983 45996548 44966366 14354011 88426340 11907891 42485265 92713001 27163352 33196341 26402681 73748548 4851042 89525310 911298 63691069 333147 73991092 28296094 7195138
27067630 76534659 146793549 81152968 1868056 12745232 9658563 46222837 66191506 74719064 78268336 90091460 39312491 75744726 41044254 14137725 34872738 37878143 10498559 49656573 50053353 15212389 79457446 35950919 7880079 107719224 9647749 38230921 11561805 39117470 39673243 129034955 5398487 44638705 235030369 37885013 45523215 12642616 22888321 21510207 17684811 49685976 72607702 10994249 36910814 137845062 10155181 211654431 161185336 108497316 79867739 112784613 15999458 19251391 95912 55795502 234676899 65187339 12132222 7727822 33657981 22378755 18481698 639744 19873742 23289999 15569611 160257303 7769946 47859585 7624649 146037518 70466552 116973731 64980911 27613905 23512380 35719603 28524973 19042281 104240230 97650771 25516693 7287015 45263643 187977742 86638268 48786318 143970406 92074176 7197592 103183379 82920865 26403717 32907912 39468548 525304 335092454 147583479 18380948 26128484 64539980 75265092 113651787 103713283 19429843 28177835 7500048 17106983 76345827 2593943 29049296 35129571 19239628 154610311 60034270 27163352 152717985 6908497 71015624 4851042 34591551 74834869 192951344 109341611 51754264 361691529 7195138
25307057 68157095 48420771 25716779 1868056 12745232 27886755 21861454 65207048 27470127 78593806 61642987 72011666 10000742 87748761 14137725 8323503 11333108 3942631 2452972 198509097 4746177 25455312 3004595 10565276 21532004 21563118 75150734 136144355 43809909 34640093 98014717 18916988 12217976 4134210 5837006 13933641 5451089 20522068 11720416 24095429 22998340 35644161 10994249 153518790 25594832 10155181 38117314 46012116 34403146 1213363 6737576 31534853 31391330 95912 56647704 7325136 16526463 1917696 7727822 40221384 7797158 16440712 639744 50612659 61603067 1393975 1214311 13103779 47859585 34361600 1689832 27024264 9990529 3630710 53199481 57118894 10001869 36442441 19042281 19247202 23780590 25516693 41295447 29075931 6810476 26035532 94411635 17391524 149883553 84496925 19829171 268884 26403717 24965685 7587559 525304 98479 88141859 68366365 28590197 12409772 30068325 76939731 44750856 67413789 46957258 21896849 5054040 94674512 4666414 47258638 31595490 19239628 109648018 18196373 11205519 33196341 44717771 3788776 56958103 44349684 37292664 64982502 41866856 924313 4361437 7195138
32184365 127722290 13184479 25716779 1868056 6264343 41144296 45429241 35778699 38790384 86101458 137721496 30437969 31530469 7297121 119039763 13032038 21040367 9703418 20931802 5914475 91795794 181192175 12700179 9685356 107719224 3651271 38230921 15748529 49912003 27838302 79721145 48336600 81637858 33823355 108223956 9965949 12642616 91444066 17373248 88399414 949181 89886479 10994249 58488048 117165439 23640 19315849 168456209 20511426 10331276 69986434 14517516 7921819 59798562 49634394 33015699 5566806 4436830 25189876 28604871 108906472 18481698 639744 28953580 75280922 15569611 10292867 34358052 14029173 7624649 146037518 44573994 1137316 65760720 85755716 71787010 57001644 33221132 19042281 7496460 105442909 1530477 73190998 29075931 24375973 75167144 25662160 46226020 31631278 10505059 12398049 18116041 26403717 3218991 70248969 525304 97068916 23405435 6641461 48895584 1612961 38405348 48206715 35156073 113853276 83021782 18805932 5054040 45996548 8263329 14354011 19395810 122082491 122746525 26560855 27163352 58358807 56035551 26070201 44584326 33183095 83230881 6715885 333147 223268347 100409660 7195138
21322280 70410320 13184479 10127688 1868056 3766471 28761147 17117407 37912860 10041554 86101458 20752637 978533 18333186 89770486 104747425 8323503 21040367 23176980 2937948 32608266 39884000 1995183 22676280 2410503 8060425 3651271 55252584 34580039 1077159 32332222 26013447 10794924 34187238 15409887 6209932 42541170 12982391 47801243 1548359 20105540 18663644 45470041 10994249 58488048 25950560 10155181 19582265 101580886 17685996 1213363 23627116 8476056 19251391 13791106 34751556 11884709 15269390 18685279 6171101 11719547 7797158 18481698 639744 28953580 63665975 15569611 1726340 34358052 14029173 47358698 23979894 19238220 1137316 34736415 32662532 13862978 39517679 33221132 19042281 48924105 7265798 1530477 3817576 20812316 6810476 24458163 41730893 143970406 1398102 10505059 62433827 220395 26403717 19975656 31110565 525304 43637846 27359501 45228631 44271665 1612961 3734865 76939731 50679498 7880492 64551008 72616918 10609440 76833131 44966366 808716 6820192 63958582 3987527 12324686 9353080 13288898 21430625 40436988 88394579 33183095 26543951 13790828 333147 44986395 7424833 7195138
23339507 95458495 13184479 31312792 1868056 3766471 59598325 39171384 42014630 10041554 86101458 148748435 978533 60243568 185660087 104747425 3548436 62635401 19255214 30894791 11768733 62445198 4212015 27573323 10565276 107719224 3651271 55945292 115141263 43809909 34640093 54523763 10794924 987119 15409887 55217502 23177687 12982391 13109845 1548359 20105540 22998340 73746094 10994249 32230959 25594832 12519816 19582265 17057576 38081412 1213363 23627116 23157198 31391330 4723165 56647704 35817613 53393293 76668448 6171101 11719547 22378755 18481698 18422277 66464428 8304383 18078431 103424882 7769946 14029173 9647442 62668561 36154203 9990529 58724453 11569238 23512380 55909980 46942287 19042281 73136182 45656461 1530477 17392088 3546525 6810476 5401967 122026186 79819531 31631278 192500936 1896021 52130229 26403717 85968388 24426597 525304 70843466 69159387 19867026 23501009 1612961 3734865 113651787 44926505 102018070 59858129 25348046 12138914 45996548 50262070 14354011 65519842 47442142 19913192 60034270 9353080 10140183 29354803 3788776 4851042 33183095 81997580 9936774 333147 224557345 5651990 7195138
11620388 11028826 13184479 31312792 1697416 5227896 41110479 13519857 13863367 10041554 61761777 136129608 978533 10000742 87748761 134433718 2729275 21040367 11993318 2452972 50053353 16730249 18035788 2215595 10565276 3859574 3651271 38439432 20790102 100351 32646360 31601492 12752528 2390488 4134210 11660656 23177687 12642616 20522068 21510207 8666279 18663644 37458697 10994249 32230959 25950560 22831961 19582265 101580886 34403146 615866 6737576 15999458 13658023 23812288 56647704 120254902 8592456 1917696 7727822 75805475 7797158 9671595 639744 28953580 6463076 12212761 55145398 1159000 14029173 9647442 1689832 44573994 176478046 3630710 12584265 114285261 10001869 1889812 1891760 70069639 11854821 1530477 25979847 29075931 6810476 45893232 107881715 74006636 10163626 84496925 19829171 12746201 4601537 26032187 31110565 525304 33666844 68018302 6641461 31757549 12409772 3734865 84963230 50679498 51310183 83021782 32031007 12138914 45996548 8263329 14354011 21140199 9458629 118974943 43651798 11205519 14731618 19302769 3788776 28879325 6850379 37292664 7383109 333147 12916672 32173077 3581849
11620388 43782849 13184479 6660046 1868056 5227896 39518510 76487689 56920750 42287965 25791193 19547844 8769601 46982776 7297121 23675529 20397577 8367183 3942631 2452972 31682117 62445198 52348915 22676280 2410503 8060425 3651271 13706076 23909840 30793941 17442857 16935723 5398487 58495579 15409887 55205512 33380897 12543763 7176766 28361234 49431367 1149973 5235585 1304720 58488048 22395575 5742133 53239987 24912182 5237479 40709902 24221404 31534853 5058094 14504135 56647704 7176598 49051191 26889552 6562598 14045542 7797158 14563262 8734879 36344307 6426421 114858514 1726340 7769946 14029173 40967199 6275280 27024264 85866883 34736415 604362 5292178 12713310 15248846 19042281 22273856 23780590 1530477 46468038 3983901 20754028 51718350 35732643 81179900 31631278 47630471 51820445 16873721 11173529 21070353 26516015 525304 43637846 36737321 32585371 26128484 53533371 9548380 18515997 20666129 23436483 21702732 75468040 33363266 18002778 12557386 11846597 21140199 66376547 23275026 13241017 17260024 10140183 33168778 45474480 55835521 33183095 52182823 40478376 333147 73991092 663968 3581849
5876842 43782849 13184479 10127688 25977614 12745232 52895963 87226564 51102558 53515098 27747893 21348453 8769601 31530469 35563944 98986852 139078674 102001158 8125736 2452972 31642479 39884000 34640939 16884435 2410503 49005867 3651271 27131258 34580039 48887902 94124697 55717413 5398487 505696 21256902 4823059 531394 22328136 75178221 41776538 49431367 18685125 89410967 10994249 10370632 29024468 6595162 26096331 5410629 73933655 21442131 24221404 8476056 1137888 4723165 56647704 7176598 16691125 37450946 25135066 11209212 123648894 7172175 8734879 28953580 8304383 15569611 1726340 3351193 14029173 40051386 13949428 4233421 118088119 34736415 604362 70617246 12713310 24773281 19042281 230729 23780590 1530477 1674076 3546525 34164510 86638268 35732643 73523564 31631278 12135679 9843741 19123433 26403717 2461488 12289620 525304 36332072 66156252 30606264 15037285 10756582 131889478 101832405 31634827 762590 36218127 116942373 17106983 68070395 139649599 6825827 161159652 69346028 73024706 13241017 28851400 10140183 17962995 51080152 8179792 33183095 11144276 6715885 333147 27972358 53309237 7195138
51997262 3029287 13184479 6660046 132721297 7971090 3139012 24309088 56920750 47536099 59062604 33144734 29130529 38257105 6415805 47785271 44922830 43632673 324371 1642549 9707577 1967161 30890606 7201985 2123144 130171359 1328245 97217422 27767680 830100 13254992 129034955 5398487 6400241 33823355 13820506 531394 5451089 13109845 1548359 20105540 22998340 4562938 1304720 58488048 18778131 5742133 19657164 17381025 19828870 35904395 57596674 4438191 1961036 46926373 68462468 33015699 63168311 73899298 1108540 28604871 7797158 1633930 18422277 59311541 44454484 3035295 1726340 16285441 4860301 2394954 21408447 44573994 12115102 78757362 19045825 13490318 18431591 17277828 19042281 15254937 67255016 1530477 17392088 20812316 24375973 52253888 48786318 73523564 17674188 47232971 9843741 606550 26403717 17376256 70248969 525304 22767450 66156252 32585371 15037285 53533371 9548380 6075346 6082138 67413789 48468141 40566290 5054040 45996548 17159682 14354011 21140199 47681866 10272036 83602542 27163352 10140183 7981261 7024962 116331093 6850379 17719310 24735744 333147 27972358 55604821 36185192
23339507 100384027 577103 1273275 35829513 12745232 54879282 41336724 36563039 74719064 79358821 122222300 978533 59747123 31345541 23261848 33948655 14928827 27262584 79851102 50053353 16730249 37173556 4017642 2410503 59598269 3651271 154271932 19187944 48551330 16338752 68146466 48336600 6400241 33823355 13820506 42541170 12543763 117761669 21510207 8666279 18685125 72287839 10994249 14182174 83457296 12519816 8546324 4125588 5237479 48983616 20059335 1704005 19251391 77475343 68462468 35817613 44862946 3975982 123663484 11719547 22378755 7172175 18422277 7198878 23289999 49636 40073835 7769946 47859585 47254365 1127723 27024264 1137316 13435335 24526002 23512380 57001644 46942287 19042281 80967414 54476066 11386779 73190998 29075931 1351402 6992744 42239719 53130299 191171055 10505059 24446652 16873721 26403717 34245012 35409055 525304 89160957 105500688 45228631 23501009 1612961 3734865 60806267 5996934 51310183 1055109 25348046 17106983 23370356 141763510 175726759 43491686 26686533 26057859 26560855 17260024 24270063 26402681 24967758 4851042 98463152 54061591 9936774 79634914 25157177 22815214 21881832
30873295 22236352 85449535 32018106 1697416 4854178 45855789 12866454 66191506 42287965 54835623 267848141 34347028 25415873 2300267 14191890 3981988 268537636 30881930 117433863 113192913 62445198 65987136 27573323 442167 3859574 3651271 42865883 132894600 91804719 5804463 158462736 43334069 4154041 15409887 51403193 30247338 23326197 16707827 11720416 88399414 22998340 5235585 10994249 8887445 25950560 1559309 10597948 19988356 11808701 98791978 11013038 31534853 73139990 13008718 79057638 7325136 65187339 47052399 25135066 11719547 7797158 47706506 18422277 93865214 16417600 12212761 1726340 34358052 47792708 15568912 11043139 27024264 92798575 99847031 61560173 6392827 57001644 2481391 19042281 67827096 17715920 25516693 46468038 17831195 12213438 37451970 10012778 31023720 63899414 10505059 7930722 268884 4363971 26032187 47119503 525304 6999665 84866263 183366891 27556973 21823458 49367713 152904161 44750856 67413789 40490672 116942373 70461167 65293302 110977689 26305510 11581792 13437134 113690442 26560855 58694447 4233399 19302769 50426880 56958103 52938621 82319401 15494163 79634914 42746995 42988430 7607593
13185937 22236352 13184479 12736657 1697416 12745232 28761147 13519857 27455312 15916153 61761777 9496159 30437969 15368032 91435830 14137725 26947611 37878143 23176980 36365660 30844905 1967161 97814501 4907306 56731964 3859574 3651271 62992169 69958149 38038415 5804463 25455704 5398487 21273215 15409887 37123814 8188398 12642616 91444066 451764 24692371 22998340 5235585 10994249 5287182 25950560 22831961 6998270 24642351 40603406 49794506 39061245 30464559 6160971 8467697 56647704 92934701 24579468 35673074 7727822 75805475 914770 8239239 18422277 17609717 11516470 12212761 1726340 2473688 14029173 7624649 67951798 70466552 101676713 14849967 35483372 4301633 8024822 2963552 1891760 48924105 56033479 1530477 17392088 20812316 12213438 90142090 8300737 17297688 31631278 10505059 11695249 8181043 26403717 17432647 24174499 525304 19632503 27359501 156210518 44271665 11605296 49376558 42514211 25239255 35153545 120371901 7500048 60822 94674512 80413439 14354011 31595490 19239628 10272036 32432377 27163352 28424967 19302769 31224771 24725672 6850379 26543951 126250942 333147 924313 12734128 7195138
