32184365 22236352 13184479 10127688 62307309 12745232 168159912 63492951 19732660 74719064 86101458 99081003 42999441 38843218 7297121 110928 16853472 80989845 3942631 8582215 31761275 16730249 1326785 4017642 10565276 107719224 3651271 10555134 34580039 68631813 5804463 129034955 26665156 44638705 21256902 32556167 9256830 12642616 91444066 24084050 8666279 22998340 161801997 10994249 8887445 63894090 15681294 26096331 161185336 95211786 123392067 69986434 15999458 12990612 77475343 34751556 33015699 65187339 31485026 122508935 84232849 37026474 3077044 639744 28953580 16417600 15569611 212898733 1159000 14029173 48634024 39362831 27024264 266554708 3630710 31675416 85426241 57001644 24773281 19042281 48355286 12852549 280041 3817576 224825434 12213438 111137765 96388287 135963542 4955074 10505059 51820445 16873721 10737561 3519701 47119503 525304 43637846 17380774 9603271 73534345 9305405 131889478 113651787 50529383 172537095 1055109 4863483 17106983 56973775 44966366 14354011 178660197 5648476 60402954 48590568 27163352 29444054 23542082 50069796 116331093 33183095 11144276 112841428 333147 634538 5651990 7195138
28524754 41141618 13184479 3617533 2346833 7270023 36728837 117500891 19732660 42287965 20370762 63726466 978533 22542142 7297121 14137725 8323503 21040367 324371 56324786 26330913 16730249 44717486 4017642 10565276 58262647 3651271 38439432 23909840 830100 51379464 18448384 18916988 16603811 21256902 1641684 3630989 12642616 21253027 12833290 2115451 949181 3782314 10994249 58488048 18290164 14056526 53239987 58846292 57478426 1213363 10449205 15999458 566964 15703943 20152088 18461357 63168311 16845068 1108540 64657009 7797158 9300834 639744 2240352 7663900 9355128 1726340 1159000 14029173 35896829 3557009 21897816 10137479 3630710 31675416 58666907 35719603 23683780 19042281 6525298 23780590 1530477 27727319 17831195 2319043 5401967 59903324 47283090 27296216 10505059 4105657 24835556 26403717 16993970 11047387 525304 3406297 1168472 9603271 4289706 359205 3734865 59212733 11932782 26682630 12025196 21896849 17106983 30532387 15322304 14354011 21140199 5648476 144280547 26560855 27163352 4800034 56035551 11581212 4981113 7372651 21252916 72700356 333147 45858453 115014375 7810179
25307057 60846274 1494278 10127688 62307309 4729107 27886755 104966133 13863367 31113996 5386105 3246867 978533 30429834 97401798 47785271 8323503 21040367 2277172 2937948 50053353 28908121 52348915 2215595 3508455 19049009 3651271 74111278 23909840 25445883 13114206 20611320 18916988 6400241 33823355 13820506 531394 12642616 42629672 12833290 8693608 18663644 16037435 10994249 14182174 83457296 11256150 34124186 17057576 33921680 46464676 23627116 15999458 12990612 49103992 38181615 35817613 65187339 2595534 7727822 11719547 22378755 72958476 639744 28953580 6426421 10960823 40073835 1159000 14029173 32771057 23979894 5460437 30416679 29208139 11569238 56218959 44294739 36442441 19042281 80821958 6234294 1530477 8785340 37645912 20754028 19956182 241307 73523564 10947694 3405515 38107613 11564444 20743087 19975656 31642448 525304 43637846 5141649 14646703 73534345 1612961 3734865 89144518 11962605 31160684 36218127 15616098 17106983 45996548 8263329 14354011 72984934 5566258 109648018 618915 254282 11909961 26402681 15022866 4851042 7372651 73033190 15494163 333147 30262558 22815214 45443549
1441229 60846274 13184479 10127688 1868056 3820698 9935460 6904304 8868214 31113996 5386105 2537007 978533 20646832 31345541 12884132 8323503 21040367 2277172 2937948 6257634 1967161 45419299 22676280 23574465 24403809 3651271 6784298 15748529 38701711 17442857 23596959 18916988 12217976 33823355 2274525 27567115 12642616 2648421 21510207 24095429 1149973 45470041 10994249 10370632 25594832 10155181 38117314 12551448 33921680 25215551 20059335 14517516 9012649 49323520 4912424 7325136 24579468 18685279 7727822 11719547 7797158 18481698 8734879 28953580 6426421 10960823 1214311 34358052 7336867 22520763 23979894 27024264 9990529 9926118 11569238 24838795 44294739 1889812 1891760 62638233 23780590 1530477 52461881 17831195 4617577 45893232 108413317 19362078 31631278 3405515 31151434 11564444 2283021 19975656 44020134 525304 14826881 43652218 74483288 24127184 1612961 3734865 3136695 50679498 63305239 36218127 21896849 17106983 18002778 8263329 14354011 6820192 5566258 10272036 5940629 27163352 28639394 26402681 26070201 68779287 6850379 26543951 9936774 333147 924313 22815214 7195138
25307057 60846274 13184479 10127688 11166393 12745232 9935460 21861454 42014630 53515098 61761777 183514730 6247353 60243568 7297121 39867633 24301918 14928827 2277172 25242132 50053353 77665613 37173556 27573323 29610799 17245711 3651271 49922823 84055152 17357489 49586604 129034955 34397746 2266595 4134210 4823059 738276 12543763 20522068 28361234 4770683 949181 37458697 10994249 10370632 1705593 10155181 22504648 19102632 5237479 64122307 6737576 1704005 12292136 20921773 68462468 7325136 63168311 14072605 7727822 64657009 7797158 41360051 639744 28953580 6426421 7590338 1726340 1159000 2944368 47254365 1127723 27024264 27071476 13435335 604362 54557916 10001869 13914220 19042281 62051422 76551291 1530477 46468038 62216281 34164510 86638268 97365970 17391524 31631278 10505059 42771134 16873721 26403717 26032187 65228297 525304 23076813 93765590 23727972 61108067 53533371 19660636 57224477 5996934 38135787 12025196 31913017 17106983 58500280 42391211 14354011 21140199 5566258 27056282 13851314 17260024 24270063 11591887 50069796 80598573 480167 15939855 20399460 333147 74209826 4361437 7810179
177203 22236352 13184479 31312792 42352178 4729107 4574109 57256952 13863367 31113996 5386105 3246867 978533 60243568 7297121 14137725 34872738 21040367 3942631 2937948 31642479 62445198 40698180 7876632 10565276 19049009 3651271 49922823 34580039 20656453 5804463 20611320 28474532 6400241 33823355 4823059 23836715 22328136 64356136 21510207 8693608 18663644 2634144 10994249 8887445 63377387 11256150 57320899 116365118 33921680 31400306 23627116 15999458 9012649 42003396 68462468 11884709 24579468 2595534 1895617 11719547 7797158 4330895 8734879 28953580 6426421 15569611 44160921 7769946 14029173 3488237 23979894 5460437 85866883 30208762 604362 13862978 5633211 34429946 19042281 230729 6234294 1530477 20506539 18613787 12213438 34423398 56749079 124284824 1398102 3405515 38107613 16873721 7421526 26032187 11047387 525304 53269324 5141649 32585371 3021928 32012206 3734865 61978475 11932782 1991758 3554726 25348046 17106983 11270978 61520155 7194078 100634087 5566258 145917063 618915 254282 10140183 9701078 15022866 68779287 14372146 11144276 15494163 333147 38392986 7424833 7810179
25307057 61239958 13184479 10127688 70624302 12745232 4574109 80335111 42014630 10041554 25791193 21263790 79197516 10342447 35463968 20577890 161244345 21040367 75816273 12624247 32608266 28908121 9023963 22023736 10565276 107719224 3651271 59334823 15619 91804719 108139316 41013572 48336600 6400241 4134210 13820506 42541170 12642616 22888321 41776538 9018652 22998340 14876744 10994249 10370632 83457296 22831961 57320899 94281736 52535179 20313921 23627116 15999458 90707734 77475343 18489150 58928527 5566806 2595534 6171101 11719547 7797158 18481698 639744 28953580 33092937 12671820 41534516 34358052 4095592 9647442 3182081 25288032 158976926 58724453 11569238 121856253 10001869 46942287 19042281 80967414 97650771 1530477 33473353 193648473 34164510 27519784 104083857 146791192 17969640 10505059 23003252 52130229 26403717 26032187 44020134 525304 24380233 66156252 38381912 15037285 1612961 37010980 69599815 50679498 67413789 36218127 21896849 14351731 68070395 51139141 14354011 100634087 116570558 131045388 56235731 27163352 20687292 26402681 71015624 72911432 33183095 73033190 15494163 333147 147039612 128134414 7195138
25307057 275786544 81099662 21163120 85318421 12745232 27886755 57256952 103058441 43540580 69977965 197766566 978533 31677121 175004351 63370014 33948655 168999860 19255214 2452972 22203797 31721214 30890606 27573323 2123144 93411192 3651271 55945292 27767680 91804719 13254992 35572832 76247666 89659124 21256902 22636154 42541170 12642616 35511899 21510207 9018652 18685125 45470041 10994249 58488048 55972702 10211956 128880397 43182901 17155015 7385493 43802986 23157198 5525102 62185981 49634394 11884709 20014423 68542848 7727822 43640130 7797158 18481698 639744 67048226 23959140 52415486 1726340 16285441 47859585 55017059 23979894 63362492 92798575 85833150 27613905 57118894 31932089 24773281 19042281 7496460 76551291 818301 46468038 34139870 24375973 216577170 27312935 90547886 48626113 10505059 74208780 41450435 26403717 26032187 35409055 525304 98479 23461594 45586308 75917444 93819976 3734865 377683362 1497278 67413789 46957258 11607450 10878302 95994621 17159682 7393117 100634087 1675404 42988977 5940629 9865036 13288898 64053864 31203989 23858146 91815123 37553758 78322038 79634914 73991092 5651990 7195138
27389917 22236352 13184479 25716779 1868056 12745232 4574109 37427668 56920750 47536099 86101458 19633593 978533 60243568 7297121 77952756 16474911 21040367 30881930 2452972 32608266 62445198 7028942 127725150 10565276 8060425 3651271 38230921 132894600 91804719 5804463 16935723 11984741 44638705 15409887 32556167 18387365 12642616 32108892 1548359 4770683 22998340 24747053 10994249 8887445 25950560 22831961 17313857 43182901 90427650 1213363 7853390 15999458 39369773 77475343 86140736 33015699 63168311 83158656 7727822 11719547 7797158 51780561 639744 28953580 6426421 15569611 1726340 13563902 14029173 89636330 4486895 9198501 27071476 22236584 27613905 54557916 23498797 46942287 6459471 73136182 97650771 818301 3196437 111736921 6810476 15245144 104083857 73523564 31631278 10505059 36755983 52130229 26403717 26032187 47119503 525304 70843466 26614755 5408768 16676761 64539980 3734865 5831168 63355576 67413789 12025196 64239091 10878302 68070395 17159682 14354011 9863908 122082491 154890939 26560855 9865036 10140183 33168778 7738720 4851042 24309678 83500532 15494163 333147 45821498 128134414 7810179
25307057 231972810 1494278 10127688 30085570 12745232 127381697 9365538 103058441 63433455 96537563 241788028 79197516 60243568 7297121 147673117 508122590 288228434 58431295 117433863 58278269 112664305 52348915 96496074 37450543 107719224 3651271 42465004 114344145 43630537 49586604 19553832 60857595 89659124 33823355 337652982 42541170 12642616 47801243 37070958 88399414 22998340 28108928 10994249 58488048 67194382 22831961 63329124 170415797 46014220 21442131 69986434 31534853 98208314 16766552 56647704 33015699 65187339 107393424 25135066 37910934 79721888 18481698 639744 62837716 61807293 188099487 57810256 3351193 14029173 89636330 61803817 9804058 246484814 143363603 61560173 14042465 57001644 46942287 19042281 80967414 86037024 1530477 46468038 223157533 34164510 69184174 169561454 118164200 67646639 10505059 51820445 52130229 20799026 43085331 90364249 525304 43637846 147583479 5408768 75917444 53533371 110063125 112385258 11163926 115105956 101391510 45450446 105847073 212364497 137599319 14354011 25740644 63077518 173207653 152251332 27163352 260281265 26402681 50069796 101153677 361677953 40258851 9936774 41866856 211068161 85682386 7195138
15881588 134084272 1494278 24160978 32572072 162003033 13246730 53957794 136195538 55614629 86101458 69975359 79197516 60243568 157218086 104747425 48913200 288228434 75816273 36365660 461285311 112664305 23128378 4907306 30517950 253236789 3651271 52441434 21343712 43630537 28700681 19952968 54332702 91918047 33823355 30532582 22189002 49964314 27825163 41776538 29513133 16195468 227001007 10994249 58488048 49633329 22831961 100859830 70722724 95211786 50762164 69986434 18154241 19251391 77475343 86140736 98401153 87475274 167157518 123663484 127338624 14964249 79527872 18422277 84505962 142316185 167319817 14566888 1159000 14029173 89636330 61803817 116958645 54332573 22236584 25754237 171604208 32279652 46942287 19042281 80967414 4465270 1530477 24216855 111736921 20754028 151336667 169561454 21002843 74075052 10505059 70437152 52130229 26403717 237992731 693543 525304 50981353 93765590 32585371 158391781 51653638 127817669 24423815 63355576 115105956 139771717 128093042 45291312 30717310 139649599 14354011 25740644 95693583 372153287 92713001 76474386 10140183 33168778 57614512 116331093 33183095 139478453 48388414 63231224 61348270 85682386 85526739
21322280 44996131 13184479 10127688 55147416 586349 9658563 28509606 36563039 8320398 78593806 166682091 12702596 41290023 77689966 40743048 16853472 18894477 9703418 2937948 5914475 16730249 7266893 4017642 7880079 10853170 3651271 28228714 15619 2115897 10649237 11007018 26665156 44638705 33823355 32556167 531394 12642616 47801243 1548359 8666279 18663644 3782314 5272517 10370632 36522626 12519816 38117314 90985235 5237479 69234482 62892010 23157198 19251391 16172953 56647704 6205166 24579468 17224507 7727822 60002176 7797158 18481698 639744 7198878 40900043 7590338 1214311 1159000 14029173 7624649 5902093 39710019 22114511 46772386 53199481 57118894 45220379 46942287 2065029 31056860 23780590 1530477 46468038 29075931 1942934 34076539 21529180 7911947 10947694 60203920 15349394 24835556 26403717 26032187 26516015 525304 43637846 26614755 32585371 61108067 53533371 17409336 60806267 11932782 67413789 5969938 22002212 45291312 45996548 35132427 4649865 43491686 19239628 26057859 10651469 17260024 10140183 33168778 12901158 44584326 33183095 26543951 9936774 333147 47577510 4361437 7195138
11277460 168690819 1494278 25716779 51837920 12745232 223352304 320389096 8868214 83349463 96537563 148748435 55918317 60243568 49433314 234782329 33948655 21040367 324789339 80292740 74414221 76934877 48675447 78599062 23574465 107719224 3651271 74111278 210120846 54301029 43943441 111458816 48336600 89659124 255728084 39359075 229346179 12642616 32955005 80176300 88399414 18685125 168263943 9978079 193455601 84966400 35594242 40353192 89423268 95211786 50762164 69986434 31534853 5379594 54667975 56647704 233654470 65187339 66649340 25135066 18321993 123648894 18481698 18422277 46820269 23959140 56400027 109870906 45320994 14029173 55017059 61803817 44573994 87276991 98668565 30146967 193034126 41189854 46942287 19042281 59272416 165057588 1530477 46468038 35122842 24375973 301526780 169561454 64833436 54406051 10505059 36396772 52130229 26403717 95131142 71306957 525304 227252771 431784696 23375019 75917444 1612961 127817669 57763399 50679498 30748811 152276919 249725173 32408613 147378605 137599319 14354011 119557217 122082491 78232502 26560855 27163352 10140183 33168778 5691197 4121463 165691515 37553758 186440267 41866856 193549244 85682386 7195138
25307057 137220237 81099662 10127688 43227062 12745232 17968304 21861454 66191506 42287965 25791193 21263790 54634597 60243568 61066598 71264342 10134115 41561213 324371 2452972 10006387 30708700 48304588 151962294 23574465 6034577 3651271 2803277 9592355 830100 49586604 57635847 46128033 18232760 15409887 55205512 66718691 15822092 20522068 28361234 4770683 18685125 2634144 9978079 58488048 25950560 24939620 94669343 48667407 12631220 64122307 6737576 8032091 64447497 127322307 43089132 52306983 5566806 73899298 25135066 115287548 7797158 52329902 639744 28953580 61603067 15569611 40073835 34358052 36600572 66217023 38591790 52119408 27071476 55913100 50595160 17119519 57001644 46942287 19042281 76376298 50300872 20503105 46468038 922647 8305726 82711748 31180241 73523564 72766226 10505059 4105657 82920865 26403717 26032187 162334151 525304 43637846 66156252 657041 33650224 53533371 22111715 57224477 63355576 26682630 107133845 64239091 17106983 6223395 86030890 210737662 244972386 56225443 46721059 5189076 16492813 28639394 11591887 71015624 4981113 24981493 37292664 9936774 29715777 31447473 55034387 94807891
25307057 49308599 1012722 4639359 1868056 12745232 41144296 11692882 22383659 53515098 25791193 21263790 79197516 60243568 35563944 70425716 41431452 15149043 3942631 2452972 5914475 39884000 34640939 15298094 23574465 24403809 3651271 13706076 26293861 67288551 49586604 35572832 48336600 6400241 21256902 13820506 531394 32148524 47801243 12833290 88399414 949181 38558170 10436179 58488048 132865817 22831961 475855 12551448 2649287 18646979 9575449 8476056 12990612 24387867 56647704 115117392 24579468 21212413 1108540 29839380 7797158 13502449 639744 113149068 146409190 21333021 1726340 1159000 14029173 9647442 51602334 11276713 111014362 9926118 10377927 15779182 43884210 18097847 19042281 24071410 31862829 818301 6311735 27894168 34164510 15245144 104083857 9084765 31631278 8717152 24446652 52130229 26403717 26032187 39468548 525304 22913937 41450816 130510823 27760642 132429694 21292845 3136695 11932782 67413789 48468141 13429179 10878302 159870036 8263329 14354011 11195623 84517776 46280542 48590568 9865036 18233960 56035551 26070201 43588931 6850379 26543951 9936774 333147 9182158 53309237 7195138
11620388 60846274 1012722 10127688 25977614 5227896 85024905 11692882 22383659 53515098 69977965 93218128 29130529 31530469 114166237 39867633 10134115 15149043 9703418 2452972 5914475 77665613 30191753 16695132 1558143 32043842 3651271 13706076 25796504 59126896 13054289 9370948 34397746 6400241 21256902 4666862 21281016 12642616 31164733 41776538 24095429 18685125 318750 10994249 10370632 141027258 12519816 24171020 17715319 70617231 96367398 21216671 15999458 31557850 77475343 56647704 13414756 24579468 11311793 1108540 10487552 7797158 3077044 639744 28953580 61603067 15569611 1726340 1159000 14029173 18820445 13264497 18629517 69836605 26904888 604362 23512380 43884210 8086272 3440778 40076638 24708820 1530477 6311735 44901213 26293371 111618069 2755722 9084765 11542398 49641441 4105657 52130229 26403717 9174678 26516015 525304 43637846 41450816 32585371 61108067 53533371 21292845 58359337 35156073 67413789 15213276 25348046 17106983 38880702 42391211 14354011 11195623 56225443 46721059 79354060 11645861 10140183 33168778 15022866 43588931 33183095 26543951 6715885 333147 1447699 22815214 3581849
25307057 100384027 5197298 10127688 53413721 12745232 121759699 21861454 4625899 14241272 74842154 2757475 978533 2507509 70121820 60584097 47445943 10006145 22218893 2452972 37340749 43575058 26202121 20215227 10565276 107719224 3651271 74111278 20790102 91804719 33716111 79721145 6919521 44638705 15409887 91127844 42541170 32148524 20522068 21510207 88399414 22998340 37458697 10994249 58488048 25594832 4749422 35729452 150599071 7563117 1213363 6737576 15999458 19251391 26048431 56647704 6205166 65187339 68542848 46607625 127338624 7797158 18481698 639744 7198878 23289999 15569611 1726340 7769946 14029173 49140324 61803817 44573994 9990529 24090286 25083098 17119519 41189854 46942287 19042281 59584506 21205984 1530477 57931050 135106014 6810476 93505190 106145519 73523564 4955074 10505059 41296607 52130229 26403717 25128106 39468548 525304 43637846 121900449 257101095 3021928 64539980 3734865 16817173 50529383 51310183 103061330 38007307 17106983 45996548 42391211 14354011 145848935 95693583 118974943 54676744 7867110 33196341 95904756 5691197 4851042 66820668 37292664 13790828 333147 73991092 51647069 7195138
