32184365 22236352 147337547 32018106 1697416 12745232 46139198 13519857 65207048 53515098 123417832 69975359 30437969 203793212 45618663 158128238 60370771 21040367 4583727 59165133 74167179 36475129 45419299 70823535 442167 3859574 113431928 171413495 145278084 54301029 5804463 5950965 48336600 12217976 70357425 277250787 8188398 173468570 25748146 17090491 75963793 49685976 5235585 10994249 8887445 121348623 52170438 38117314 24642351 98983654 49794506 10479783 31534853 31391330 42003396 56647704 7325136 65187339 15166637 14333510 115707450 7797158 18481698 18422277 17609717 16417600 12212761 1214311 34358052 47859585 60036345 49624994 27024264 53448141 99608402 153787302 11751805 11176616 46942287 1891760 70069639 56033479 10766766 17392088 20812316 12213438 106544501 94187914 53130299 41489100 10505059 31151434 16873721 26403717 19975656 47119503 525304 125829515 44751095 45228631 53684055 65276985 40759446 32834541 33977065 67413789 215261455 7500048 52488240 133992202 31851692 8197349 60163813 19630763 99864122 66929506 13658987 33196341 19302769 105956254 116331093 98463152 79984106 102746345 41866856 138281852 112716290 7195138
13185937 70410320 72257916 81152968 57490924 3766471 27356419 32222110 56920750 316813641 2700717 43044956 38079203 15368032 91435830 115036257 118101046 139926842 19255214 8653509 100428943 36475129 4212015 30300967 105437520 8060425 43151275 55945292 39764565 38038415 34640093 26013447 10794924 133042411 176020189 312474457 295406239 12982391 22888321 14356518 88399414 75204650 5235585 10994249 19476094 32524542 15681294 84794252 42231025 20302115 79867739 55546052 30464559 16919423 79152063 56647704 37961991 24579468 35673074 7727822 75805475 22175334 4330895 18422277 27204666 11516470 21333021 4723064 34358052 47859585 7624649 71538630 27024264 109216539 98293197 35483372 4301633 50907239 2963552 19042281 227569619 250080594 25516693 46468038 103253278 50117586 227608610 9609400 17468046 31631278 10505059 11695249 8181043 26403717 79762117 84922880 525304 27358909 20373828 183366891 50436944 55028786 134500039 57763399 77439809 35153545 135749155 67235750 171055714 87541080 80068297 88298842 100634087 47442142 139102130 138955722 9353080 24270063 105794160 124730555 116331093 6850379 26543951 9936774 333147 109419011 5651990 7195138
8773339 17954645 13184479 12736657 1697416 8545765 27356419 13519857 27455312 6232837 68040378 51061009 30437969 60243568 55026338 10493831 26947611 21040367 30881930 108598327 12060161 15212389 172279027 108265507 118813739 3859574 3651271 38230921 62797058 15229563 34640093 31601492 48336600 35634218 33823355 143429323 42541170 12642616 16707827 17090491 88313006 22998340 29895649 10994249 58488048 121348623 13243896 6998270 18439719 11808701 10331276 55546052 31534853 19251391 77475343 34751556 58023042 65187339 109522322 25135066 88367195 7797158 18481698 639744 196604219 14953226 12212761 1726340 34358052 14029173 65688954 3182081 1407214 109216539 29208139 61560173 4301633 17461839 19720139 19042281 55937534 17715920 1530477 46468038 22882906 27963670 4605918 19868554 73523564 31631278 10505059 24446652 16873721 26403717 26032187 24174499 525304 27358909 5141649 74296329 64965358 50438297 300864308 199637864 33977065 35153545 43340298 12958996 105847073 80028180 44966366 14354011 60163813 19239628 131077389 32432377 18926021 18233960 19302769 31224771 39036713 47053114 64592319 18977822 333147 109419011 55227514 7195138
38165850 55825328 13184479 10127688 5113474 586349 13566871 21861454 55093984 31934344 39738648 99437148 13194150 60243568 7297121 70425716 8323503 72722152 3179068 2452972 31642479 62445198 48015224 30300967 10565276 49005867 3651271 42465004 4503001 718650 10435570 68146466 18916988 44638705 33823355 27347217 9965949 35954329 20522068 16470160 115247221 18663644 2634144 10994249 10370632 29024468 10155181 83584641 4125588 95211786 21442131 6737576 8032091 12990612 15300264 68462468 33015699 24579468 3570332 25135066 16212043 7797158 79527872 639744 28953580 104347228 15569611 1726340 3351193 14029173 13618718 38811750 65276675 120793709 3630710 30146967 71787010 30354986 1889812 19042281 43427074 21476360 1530477 46468038 18613787 26293371 45893232 26553776 47283090 4446765 12135679 4630572 1429629 11173529 21204264 11047387 525304 43637846 92633378 25002800 61108067 1612961 30068325 17559091 11962605 50750034 36300009 52267391 17106983 30532387 86030890 4649865 25740644 122082491 68061763 23890089 17260024 24270063 11591887 5691197 68779287 6850379 26543951 111623653 333147 38690444 55034387 14140776
13071310 70410320 13184479 10127688 100000406 4854178 9935460 28509606 56920750 29667783 24464597 46222600 978533 60243568 91435830 14137725 13032038 16684006 27262584 1642549 54489564 28908121 18035788 110162178 10565276 107719224 3651271 42465004 4503001 146302257 44874489 99528481 54332702 44638705 15409887 4823059 42541170 35954329 20452833 16259226 73606320 18663644 2634144 10994249 10370632 25950560 12519816 22504648 17057576 95211786 21442131 23627116 14517516 37231248 77475343 56647704 11687613 8592456 107393424 25135066 11719547 7797158 18481698 639744 7198878 1545702 18078431 1726340 3351193 14029173 57828827 38811750 70466552 38330743 3630710 6313383 161562754 35719603 66998936 19042281 43427074 21476360 1530477 46468038 18613787 27963670 45893232 26553776 79819531 31631278 59273704 15349394 1429629 14004865 26032187 26516015 525304 5680857 92633378 657041 23501009 36950143 3734865 25629198 11962605 67413789 159781266 21896849 5054040 68070395 139649599 14354011 82298723 55746547 27056282 5189076 17260024 4233399 26402681 3788776 4981113 6850379 30125734 7383109 333147 38690444 22815214 7195138
7122235 97213123 8095365 19374001 1868056 4854178 4574109 21109595 56920750 57767016 2040161 48389332 3055791 31530469 11704040 40743048 8323503 552130 8125736 33768559 21689838 62445198 34236834 22676280 9685356 35366446 3651271 2803277 14802512 38701711 32646360 29045263 18916988 2265517 7387259 32556167 30975525 12642616 2393946 41776538 115247221 22998340 5235585 10994249 14182174 25950560 12519816 19582265 5410629 42238631 1213363 6737576 15999458 42423929 13791106 56647704 11884709 15269390 25957231 6171101 16212043 7797158 18481698 639744 28953580 60057378 15569611 55145398 34358052 7336867 9647442 1689832 19238220 1137316 14849967 61560173 24838795 41189854 1889812 1891760 73136182 15167460 1530477 3817576 29075931 6810476 75167144 41730893 34389309 17969640 60203920 19829171 11564444 26403717 24965685 12289620 525304 8838819 27359501 657041 26128484 53533371 16153324 57763399 50679498 7880492 135749155 3012303 10609440 85436614 86030890 14354011 31595490 47442142 26057859 5189076 18110520 4233399 8002705 5691197 39462915 45483389 37292664 6715885 333147 924313 22815214 7195138
32184365 22236352 13184479 6660046 61650166 12745232 4574109 30493490 19162425 40510848 61761777 130637399 8769601 60243568 7297121 104747425 13032038 55932140 11993318 2452972 31642479 62445198 25455312 27573323 2410503 40984347 3651271 81139563 34580039 43809909 5804463 98014717 9555136 44638705 15409887 4823059 42541170 35954329 47801243 41776538 49431367 18685125 91959004 10994249 8887445 25594832 5742133 22504648 15567212 95211786 25215551 25240986 15999458 19251391 77475343 56647704 33015699 24579468 2595534 14333510 20686970 7797158 18481698 639744 28953580 10394921 12671820 1214311 34358052 7336867 18820445 73481097 12602546 9990529 13435335 6313383 264655419 57001644 46942287 19042281 35176429 194899492 1530477 46468038 29075931 12213438 75167144 104083857 68261326 31631278 12135679 47909979 16873721 4601537 21204264 47119503 525304 43637846 66156252 37130642 38429113 42706433 38405348 13570578 50679498 51310183 55734127 128093042 5054040 71822832 8263329 14354011 2607330 82061995 68061763 92713001 58694447 20687292 9701078 5691197 3624144 6850379 26543951 9936774 333147 73991092 108113943 7195138
28524754 22236352 8095365 14362980 65447781 12745232 17968304 21861454 31291866 18931057 86101458 10469463 236483 60243568 97401798 14137725 2729275 8728276 22218893 2452972 6257634 50385241 25455312 16884435 10565276 91502459 3651271 49922823 28523827 1077159 5804463 26013447 9555136 23886044 4134210 15454990 30975525 12543763 20522068 1151825 87551057 18685125 37458697 10994249 8887445 25950560 12519816 52146317 142813212 67749763 1213363 6737576 15999458 12990612 59798562 68462468 35817613 21303490 26889552 1108540 42971228 19521446 72958476 639744 2304109 6426421 15569611 1726340 34358052 7336867 9647442 44278401 27024264 81464323 3630710 604362 71190044 10001869 46942287 19042281 39635768 36181218 1530477 17392088 20812316 6810476 5401967 94187914 144127860 12532583 10505059 47909979 9434343 26403717 24965685 11047387 525304 128490460 81450161 45228631 26128484 1612961 3734865 27710986 60828714 11273110 43925626 21896849 5054040 37620500 11366464 14354011 21140199 16613775 45573112 18196373 27163352 28639394 7369243 71015624 116331093 33183095 37292664 13790828 333147 23776680 20877683 7810179
23339507 22236352 25981485 6660046 1697416 12745232 36656871 35139031 55896667 29667783 18191171 38753552 3055791 57504418 45618663 14137725 8323503 15767900 4583727 2452972 6257634 1967161 34236834 22676280 10565276 3859574 3651271 38230921 5309122 20656453 5804463 53381801 18916988 44638705 15409887 5837006 9256830 12642616 2648421 21510207 50981624 18685125 5235585 10994249 8887445 20064205 5742133 19582265 146043668 7563117 1213363 23627116 31534853 19251391 13791106 68462468 37961991 24579468 2595534 7727822 11719547 7797158 50605826 639744 36012274 1545702 1393975 1726340 34358052 7336867 60036345 18317134 27024264 9990529 13435335 51423547 56218959 35719603 24773281 19042281 10155278 45656461 10766766 17392088 20812316 6810476 5401967 16688503 67637782 101982589 10505059 90798279 16873721 26403717 23128318 11047387 525304 54765823 27359501 6641461 23501009 1612961 7133556 22446573 33977065 67413789 36218127 21896849 46320946 45996548 11366464 3123361 11581792 16613775 10272036 18196373 17260024 20687292 19302769 49883072 37511689 6850379 26543951 13790828 29715777 634538 40901812 14140776
27389917 90243468 13184479 81152968 111831829 12745232 4574109 40805398 36563039 40510848 40211079 20752637 4829201 60243568 15539239 186659968 4144227 91356732 30881930 2452972 13478717 62445198 45419299 22676280 10565276 32043842 3651271 76046428 15748529 1077159 15916367 69110196 54332702 44638705 15409887 15454990 42541170 12642616 47801243 1548359 20105540 18663644 73746094 10994249 58488048 25950560 12519816 38117314 90985235 95211786 1213363 23627116 14517516 39235114 13791106 56647704 35817613 42245718 26889552 7727822 11719547 7797158 18481698 18422277 28953580 8304383 7590338 1214311 34358052 14029173 18820445 62668561 56988565 81464323 9068854 12051376 40122623 39517679 33221132 19042281 53671272 21476360 1530477 33473353 3546525 6810476 45893232 41730893 17391524 31631278 10505059 47909979 19123433 26403717 24965685 38031538 525304 59100683 26614755 8326117 24955412 64539980 117880895 76939731 63355576 67413789 5969938 25348046 10609440 76833131 139649599 14354011 100634087 19239628 154890939 18196373 16492813 55727325 260725767 45474480 112596107 55954928 59213041 15494163 333147 73991092 4361437 7195138
32184365 127722290 102550552 52469207 188264811 12745232 4574109 30493490 36563039 55614629 96537563 48389332 4971909 123417543 42005255 172196724 165595761 21040367 30881930 117433863 50053353 91795794 29709093 110594932 9685356 53723309 58305778 85069531 34580039 43809909 44874489 41013572 48336600 44638705 96464998 28441016 30790746 12642616 91444066 71344437 48774922 16195468 216309936 10994249 14182174 160475049 12519816 53239987 49308186 67749763 85437118 51360901 15999458 39235114 130584906 12136434 21749896 44862946 76668448 45258848 127338624 7797158 18481698 18422277 28953580 43039559 15569611 73854358 73490059 17097429 9647442 103925611 27024264 1137316 55913100 89686461 24838795 57001644 46942287 19042281 105319937 194899492 25516693 56745019 193993563 81425097 182237465 131174729 34389309 97382845 10505059 38107613 16873721 26403717 4252776 26516015 525304 58087433 43652218 23843410 73534345 33817585 188922158 57224477 44926505 34176990 135749155 25348046 17106983 76833131 30586562 59132060 80114787 122082491 176305209 165443117 27163352 85800964 101785902 124730555 116331093 181717851 63335080 30742269 92354151 137288258 18276807 7195138
38165850 100384027 85449535 81152968 1868056 12745232 47607824 80335111 66191506 55614629 32369684 162293032 4971909 57504418 3955730 104747425 140258733 21040367 30881930 117433863 50053353 91858196 183722610 27573323 29610799 62661659 3651271 85069531 36896327 91804719 100177753 118950136 48336600 44638705 15409887 57773461 229346179 12642616 91444066 41776538 49431367 16195468 110587272 10994249 14182174 25950560 23143549 53239987 136954330 103972629 92394622 69986434 15999458 126725316 130584906 68462468 240145667 65187339 66649340 25135066 18321993 112524500 66658580 639744 28953580 109080610 15569611 73854358 13103779 17097429 15568912 250958338 44573994 81564819 14849967 30146967 301440991 57001644 46942287 19042281 140482022 76132788 25516693 46468038 193993563 26293371 52064896 140334621 143970406 54406051 10505059 99391353 24499212 26403717 43085331 7587559 525304 161328110 43652218 23843410 26128484 33817585 173124482 374736642 50679498 34176990 135749155 64239091 17106983 94674512 30586562 47258638 31595490 122082491 154265284 76708615 27163352 29444054 26402681 72096479 116331093 160533541 52182823 117513337 41866856 924313 139903757 16613585
13185937 257021341 161087982 81152968 110130737 12745232 28761147 158677345 103058441 74719064 96537563 46222600 146990874 15368032 238309270 115036257 26947611 139926842 61199419 59165133 143495169 62445198 221454588 118347341 10565276 107719224 113431928 153234106 45998582 38038415 49586604 129034955 69468418 35634218 119843322 257799358 353185870 12642616 91444066 179803284 88399414 254926674 159280331 10994249 19476094 147759936 122368327 129150441 42231025 40603406 294780107 10479783 31534853 19251391 205082294 56647704 54458199 40893610 165702909 41433592 143547720 22175334 18481698 18422277 106733030 61807293 12671820 40073835 375812959 47859585 344390844 51602334 132032536 109216539 56781135 155717817 5138317 50907239 46942287 19042281 48924105 56033479 25516693 73190998 95078683 492329013 4605918 94187914 17468046 413006689 10505059 41296607 39938233 26403717 37525369 47119503 525304 15869124 149012281 32585371 50436944 29603924 367765362 48029846 103713283 35153545 152276919 121439504 105847073 71822832 152786592 174065344 155512416 122082491 83802578 138955722 27163352 10140183 33168778 54697221 116331093 154635881 303382756 204632203 102642635 185524135 372067209 7195138
28524754 43782849 13184479 10127688 1697416 12745232 27886755 21861454 56920750 18931057 21086142 8669953 4829201 22421745 97401798 14137725 4073123 5293673 324371 2452972 58278269 1967161 52348915 22676280 10565276 3859574 3651271 38230921 32087440 830100 32646360 16935723 18916988 73375370 15409887 37123814 42541170 12543763 13109845 1548359 20105540 949181 37458697 9978079 14182174 25045324 13243896 94669343 17715319 70215624 10331276 6737576 13437786 12292136 95912 56647704 7176598 24579468 12399 47257708 28604871 7797158 18481698 639744 85149930 6426421 12212761 1726340 7769946 7336867 4435764 3182081 27024264 111849945 64980911 27613905 23512380 35719603 46942287 6459471 48924105 17715920 1530477 33473353 62135194 24375973 45893232 21260842 17468046 31631278 10505059 41296607 14326384 7699313 24965685 16139390 525304 43637846 27359501 32328827 20027001 1612961 30068325 58313167 31634827 2436604 9238479 21896849 10878302 76833131 86030890 14354011 43491686 16026452 10272036 13241017 17260024 20687292 6553684 49883072 4851042 33183095 26543951 13790828 333147 23776680 30989274 7195138
13185937 5389782 13184479 25716779 1697416 12745232 27356419 13519857 27455312 40510848 11915186 58978331 3055791 15368032 31345541 14137725 47445943 15767900 23176980 19629439 50053353 55143289 34236834 7876632 10565276 3859574 3651271 60557950 5309122 10930507 34640093 25455704 48336600 35634218 15409887 34661865 8188398 12642616 73945828 12833290 87551057 22998340 73746094 10994249 58488048 5253477 22831961 6998270 17057576 95211786 1213363 10479783 15999458 19251391 95912 56647704 15721883 24579468 18685279 7727822 11719547 914770 4330895 18422277 28953580 6426421 12212761 1726340 7769946 7336867 74214643 1083671 27024264 116973731 55913100 27613905 5138317 35719603 46942287 1891760 48924105 17715920 1530477 17392088 20812316 6810476 4605918 9609400 17468046 26474789 10505059 12398049 16873721 11173529 19975656 24174499 525304 27358909 27359501 18380948 44271665 21823458 49376558 25629198 25239255 35153545 27894746 7500048 5054040 80028180 38911980 14354011 86019296 47442142 83802578 32432377 27163352 18233960 19302769 31224771 27858223 33183095 26543951 15494163 333147 24445826 35191151 7195138
27389917 22236352 13184479 10127688 1697416 4854178 41144296 14570389 56920750 23817128 61761777 28557654 91390241 60243568 91435830 70425716 8323503 21040367 3425008 2452972 32608266 62445198 25510361 12700179 10565276 3859574 3651271 38439432 11561805 43809909 5804463 158462736 18916988 44638705 15409887 32556167 738276 35954329 75178221 21510207 4770683 949181 36214858 10994249 8887445 1705593 22831961 22504648 5410629 7563117 76714573 11730971 14517516 12990612 59798562 56647704 25681827 65187339 76668448 18144421 16212043 12716220 18481698 639744 85444725 1545702 12212761 1726340 34358052 14029173 34361600 23979894 27024264 27071476 16846167 6313383 54557916 57001644 46942287 19042281 70069639 23780590 1530477 73190998 62216281 12213438 25053806 142194324 46226020 31631278 40338695 24958164 16873721 26403717 54042031 12289620 525304 43637846 66156252 6641461 45486197 93819976 38405348 59212733 11962605 68199053 103061330 72616918 5054040 121616885 17159682 6825827 41678819 73485683 342259613 48590568 28851400 4233399 19302769 5691197 37513415 6850379 158305569 11946685 333147 51754264 100409660 7195138
177203 24867887 13184479 25716779 1697416 5227896 36125137 21864638 19162425 42287965 22425407 63726466 236483 60243568 7297121 48760486 8323503 8728276 3942631 2452972 50053353 1967161 23128378 11342137 2410503 3859574 3651271 38439432 23909840 1077159 7219488 35572832 18916988 34187238 4134210 15454990 42541170 12642616 2436408 1548359 20105540 949181 36214858 10994249 10370632 25950560 12519816 39291975 1353311 46376058 1213363 69986434 15999458 566964 13791106 49634394 33015699 24579468 1479183 7727822 12786561 7797158 18481698 639744 28953580 5310577 12212761 1726340 1159000 7336867 7624649 553198 27024264 1137316 13435335 6313383 23512380 10001869 24773281 19042281 7496460 11854821 818301 33473353 3546525 6810476 34076539 41730893 79819531 31631278 12135679 47909979 268884 7421526 9887235 39468548 525304 70843466 27359501 6641461 23501009 1612961 3734865 58313167 11962605 29485393 43925626 18805932 12138914 68070395 137599319 7393117 6407137 19239628 10272036 12324686 7867110 29444054 19302769 3788776 5456287 33183095 26543951 10275600 333147 38690444 22815214 3581849
