11620388 22236352 13184479 10127688 62307309 5227896 4574109 18808449 37912860 47536099 80993208 29444805 236483 60243568 97401798 77952756 50706162 8728276 2277172 2937948 50053353 28908121 23128378 22676280 9685356 32043842 3651271 52441434 5309122 1077159 5804463 54523763 54332702 34187238 15409887 37885013 531394 12642616 20522068 1548359 20105540 18663644 5235585 10994249 8887445 25950560 22831961 88329658 5410629 5237479 54852072 3735785 15999458 19251391 13791106 68462468 103121229 24579468 26889552 7727822 11719547 45010464 38235504 155064 28953580 8304383 15569611 1726340 1159000 14029173 9647442 21408447 27024264 1137316 22236584 27613905 56218959 57001644 33221132 19042281 80967414 23780590 1530477 51715573 3546525 12213438 8252532 41730893 38042837 31631278 10505059 54820914 16873721 11173529 24965685 12289620 525304 43637846 27359501 45228631 23501009 53533371 3734865 76939731 11962605 197066402 12025196 64239091 17106983 45996548 86030890 14354011 100634087 122082491 125356676 5940629 16492813 29444054 9701078 71015624 112596107 91815123 26543951 9936774 333147 38690444 55034387 3581849
28524754 49308599 34535533 6660046 489746 9005141 4574109 21861454 22383659 53515098 96537563 101104040 8769601 46633980 7297121 14137725 10134115 15767900 3942631 2937948 6257634 15212389 45419299 22676280 2410503 40984347 25729833 2803277 5309122 38701711 39673243 26013447 34397746 34187238 15409887 15454990 30247338 12642616 7176766 21510207 49431367 949181 2634144 10994249 10370632 25950560 5742133 6998270 73540937 5237479 20225826 6737576 8032091 5058094 44817381 56647704 33015699 65187339 16845068 14333510 65422783 7797158 7172175 639744 28953580 61807293 12671820 1214311 1159000 8594638 4414242 20502257 39710019 111014362 13435335 604362 71787010 11176616 46942287 19042281 53136082 23780590 25516693 30436279 13292636 24375973 8252532 20398424 68261326 35247356 10505059 1896021 39938233 26403717 9887235 7587559 525304 43637846 26614755 37130642 61108067 53533371 30068325 76939731 6082138 30056237 64551008 18805932 17106983 68070395 5847117 47258638 2607330 63575974 111814737 4545966 27163352 49497765 11591887 45474480 3624144 86643131 37292664 33909803 10990579 44986395 40359209 7195138
23339507 22236352 10519186 31312792 1868056 12745232 36125137 21861454 56920750 47536099 40211079 29444805 236483 60243568 97401798 109808786 71478422 8728276 1595156 2937948 14772309 10393610 23128378 30300967 9685356 98398876 3651271 49922823 34580039 38701711 5804463 14452577 54332702 34187238 15409887 25934074 30247338 27088187 20522068 1548359 20105540 18663644 23355558 10994249 8887445 25950560 1559309 38117314 93828529 5237479 48039746 6737576 15999458 19251391 13973927 34751556 103121229 24579468 130950525 14333510 115707450 7797158 18481698 155064 28953580 6426421 15569611 1214311 34358052 7336867 7624649 44278401 27024264 1137316 22236584 604362 71787010 7223352 33221132 19042281 53671272 21476360 1530477 73190998 29075931 12213438 45893232 97365970 31023720 31631278 10505059 2995097 5209575 11173529 26032187 70248969 525304 111986754 69159387 11268302 14547779 53533371 30068325 113651787 11962605 67413789 12025196 128093042 17106983 121616885 44966366 14354011 138088418 13437134 115250312 5940629 58694447 29444054 26402681 71015624 5628995 21330747 26543951 9936774 333147 38690444 55034387 7195138
27389917 97213123 13184479 10127688 1697416 3766471 39518510 21861454 21107739 27470127 25791193 6665330 978533 24793855 6170773 14137725 8323503 28794880 4583727 2452972 55827530 16730249 4212015 4017642 10565276 3859574 3651271 12453239 15369433 1077159 32646360 69110196 10794924 505696 15409887 15454990 42541170 12642616 20522068 21510207 8666279 18685125 5235585 10195389 31472737 25950560 22831961 53239987 29029994 6851675 1213363 6737576 8476056 39235114 49875489 68462468 44800849 24579468 2595534 6171101 11719547 7797158 20457007 639744 66464428 61165254 12212761 40073835 34358052 7336867 9647442 23979894 27024264 18739391 3630710 6357009 24838795 35719603 46942287 6029256 55922646 11854821 1530477 17392088 20812316 6810476 53388804 16688503 73523564 31631278 10505059 41296607 16873721 11173529 19975656 42715261 525304 43637846 86676142 6641461 38429113 1612961 3734865 76939731 11932782 67413789 1659049 21896849 12138914 9067705 14854020 14354011 52755686 56638720 16186721 630659 9353080 20687292 19302769 34585296 116331093 33183095 17978247 13790828 333147 18314621 40359209 7810179
28524754 70410320 13184479 25716779 1697416 12745232 28761147 57256952 42014630 24111854 39751424 98242383 4829201 24793855 97401798 5688534 8323503 21040367 30881930 2452972 50053353 62445198 145626251 7876632 10565276 3859574 3651271 12453239 43063907 38701711 74374736 129034955 18916988 44638705 4134210 51044122 23836715 12642616 2648421 21510207 88399414 18685125 5235585 10994249 14182174 25950560 22831961 21824803 50854925 17685996 1213363 10479783 15999458 126725316 77475343 56647704 67655795 65187339 81174092 6171101 27878669 7797158 18481698 639744 2304109 23289999 12212761 40073835 26566166 7336867 7624649 49624994 27024264 62523365 3630710 25083098 98843825 1656116 46942287 19042281 19247202 11854821 1530477 20506539 29075931 6810476 5401967 16688503 73523564 10163626 10505059 41296607 4453606 26403717 26032187 47119503 525304 98479 86676142 30479784 38429113 1612961 38405348 155325780 63355576 67413789 1659049 21896849 17106983 9067705 42391211 14354011 52755686 54119950 77377461 26560855 22824750 28639394 19302769 26541788 4851042 55954928 64592319 13790828 333147 18314621 53309237 7195138
25307057 22236352 13184479 31312792 1697416 12745232 27886755 21861454 4625899 10041554 9620790 19633593 30437969 10000742 45618663 5688534 8072171 14928827 4583727 2452972 24192705 1967161 10336853 22676280 5553579 3859574 3651271 13706076 34580039 100351 5804463 16994056 18916988 44638705 4134210 5837006 42541170 12543763 13109845 21510207 88399414 18685125 5235585 10994249 8887445 25950560 10155181 84794252 34161170 7563117 1213363 6737576 15999458 14264928 95912 34751556 38602747 24579468 1917696 7727822 11719547 7797158 9671595 639744 28953580 6426421 1393975 1726340 34358052 7336867 21798824 1689832 27024264 53786245 3630710 20469277 17119519 10001869 24773281 19042281 35176429 11854821 1530477 30436279 29075931 6810476 5401967 60187312 67637782 10163626 10505059 19829171 5209575 26403717 24965685 44618434 525304 33666844 93765590 6641461 38429113 53533371 30068325 76939731 34536706 34176990 68099544 21896849 17106983 56973775 31851692 14354011 31595490 11907891 10272036 18196373 8292609 28639394 19302769 49883072 4851042 16542182 26543951 6715885 333147 924313 32173077 7195138
28524754 132732893 13184479 6660046 1697416 12745232 13246730 761833 15711056 10041554 39751424 19633593 3055791 31530469 45618663 5688534 8323503 37004368 324371 2452972 31642479 62445198 10336853 11342137 10565276 3859574 3651271 2803277 3962382 830100 34640093 24264565 18916988 2266595 15409887 48022234 42541170 15822092 20522068 21510207 88399414 22998340 37458697 10994249 55250810 25950560 5742133 19582265 12551448 7563117 1213363 6737576 31534853 31391330 72800759 56647704 43725430 63168311 89100432 7727822 64657009 7797158 18481698 639744 2304109 6426421 12212761 23152742 26566166 7336867 34361600 1689832 47472666 92798575 9926118 25083098 8288111 35719603 39511423 19042281 11604678 11854821 1530477 57931050 29075931 6810476 4605918 104083857 48720561 12532583 10505059 19829171 4453606 26403717 26032187 31110565 525304 3406297 12331989 657041 20027001 21823458 30068325 3136695 18823383 34176990 68099544 52267391 37304169 37371128 38911980 14354011 21140199 47442142 77377461 5189076 58694447 73912660 9701078 45474480 5456287 33183095 37292664 6715885 333147 73991092 55034387 7195138
13185937 108205450 13184479 25716779 1697416 12745232 27356419 21861454 27455312 15916153 19892150 20752637 30437969 15368032 31345541 14137725 47445943 21040367 19255214 8653509 32062462 1967161 97814501 7876632 442167 3859574 3651271 55945292 11561805 38038415 34640093 25455704 18333064 35634218 33823355 31637031 8188398 12642616 20522068 12833290 17684811 22998340 29690346 10994249 19476094 5253477 6577158 6998270 42231025 95211786 1213363 6737576 30464559 28704027 95912 56647704 58023042 24579468 109522322 7727822 35116596 914770 18481698 18422277 36012274 61807293 12212761 1726340 34358052 7336867 7624649 67951798 46335784 99905097 55913100 51423547 5138317 35719603 46942287 1891760 48924105 17715920 1530477 20506539 95078683 6810476 4605918 9609400 6955851 31631278 10505059 24446652 2626111 26403717 32907912 24174499 525304 27358909 61498447 18380948 50436944 29603924 30068325 11820421 25239255 19322131 28177835 7500048 105847073 37946007 44535677 14354011 60163813 19239628 10272036 32432377 27163352 18233960 19302769 31224771 39036713 54308798 26543951 61804304 333147 51754264 5651990 7195138
32184365 231972810 577103 31312792 53413721 8545765 59826310 9365538 56920750 27470127 61761777 54914465 135870573 31530469 89770486 104747425 33948655 16477275 18398511 2452972 50053353 37645244 85779606 11342137 5553579 62661659 3651271 13706076 63301379 15175546 34640093 33832310 48336600 42694009 15409887 25216840 49815654 12642616 16707827 1548359 20105540 22998340 29895649 10994249 58488048 3338430 35594242 69805980 161185336 11808701 1213363 6737576 972998 31391330 95912 56647704 25348768 65187339 73939708 21855807 28604871 7797158 18481698 639744 1995120 22536118 15569611 1726340 34358052 7336867 4435764 14662314 27024264 92798575 24345619 61560173 14233874 17860770 46942287 19042281 73136182 5185298 1530477 3196437 22882906 6810476 75167144 78549537 68192863 31631278 10505059 5018778 16873721 20799026 26032187 39928050 525304 8317876 47042486 23843410 49777559 64539980 30068325 11820421 44750856 52826067 9238479 41668020 10878302 61325488 8263329 14354011 60163813 21644550 154265284 26560855 27163352 10140183 21430625 26070201 5456287 6850379 37292664 6715885 333147 73991092 51647069 7195138
32184365 22236352 578767 12736657 1697416 8545765 36656871 9365538 56920750 6093587 61761777 54914465 6247353 8882886 91435830 73291526 33948655 16477275 30881930 55218215 66709656 37645244 38603101 27573323 10565276 3859574 3651271 19172296 63301379 91804719 5804463 33832310 25305104 42694009 15409887 46865565 6448356 12642616 16707827 1548359 20105540 22998340 21902027 10994249 8887445 3338430 10155181 46311744 114588331 11808701 42744204 10479783 972998 19251391 13791106 56647704 20499695 65187339 73939708 21594731 64657009 7797158 12455846 639744 28443241 5310577 12212761 1726340 1231811 14029173 4435764 14662314 27024264 92798575 24345619 79680931 3245950 55909980 13849866 6459471 62638233 5185298 1530477 3196437 22882906 12213438 75167144 41730893 72514257 31631278 10505059 12398049 16873721 14004865 26032187 47119503 525304 32894988 27359501 32585371 44271665 132820310 53482410 8032411 2711556 52826067 9238479 41668020 10878302 6329402 8263329 13515688 26051810 21644550 78794955 13851314 27163352 10140183 19302769 26070201 5628995 6850379 29978211 61804304 333147 18314621 51647069 7195138
27389917 139637031 577103 94216160 1697416 12745232 4574109 52602435 42014630 27470127 66538951 274871348 3055791 125069101 89770486 167771556 47445943 14928827 18398511 30894791 178730559 15212389 25455312 129040121 10565276 3859574 27062174 176648477 27884929 91804719 34640093 29045263 48336600 44638705 15409887 138645448 100005065 12543763 143888004 21510207 49431367 49685976 29895649 10994249 31653847 25950560 122368327 19582265 161185336 40619923 1213363 23627116 31534853 31391330 130584906 56647704 141632705 65187339 73939708 7727822 11719547 7797158 18481698 18422277 1995120 22536118 12212761 1214311 34358052 41380539 90956381 23979894 69293984 117722099 66146774 25083098 13862978 17860770 46942287 19042281 70069639 26051672 11386779 57244154 29075931 6810476 75167144 122703666 53130299 1398102 55639868 5018778 135577417 26403717 26032187 31110565 525304 8317876 88141859 23843410 90113555 21823458 52040643 11820421 44750856 67413789 1055109 144944506 12138914 69184166 17159682 77541783 60163813 47442142 272749956 119648269 58694447 100052411 19302769 72096479 116331093 44349684 83230881 15494163 216453124 25157177 53309237 7195138
7802148 71266390 13184479 10127688 30085570 12745232 41144296 21109595 36563039 53515098 86101458 168012045 4971909 54769464 89770486 27628122 13032038 14928827 2277172 56324786 25737689 62445198 4618751 27573323 10565276 12761519 3651271 61273900 21440965 43809909 49586604 26385027 48336600 58495579 21256902 4823059 42541170 12543763 22888321 451764 9018652 949181 45470041 10994249 11139440 14204768 22831961 11453726 90985235 95211786 64122307 23627116 27089870 39235114 14504135 56647704 39129838 1797657 20031371 90451804 11719547 7797158 4330895 639744 34867180 63665975 7590338 1726340 34358052 7336867 9647442 23979894 41380029 213862379 53854563 6357009 112853756 57001644 24773281 19042281 80967414 76551291 1530477 57244154 71957464 26293371 152144884 148910569 17391524 31631278 10505059 32232213 6358250 26403717 20413035 11047387 525304 18284558 93765590 5408768 3631533 44075048 19660636 81024152 63355576 56141559 52394067 23871836 10609440 37043979 14031719 11846597 18317025 46970979 138107944 76708615 27163352 10140183 33168778 73748548 116331093 32543376 17978247 15494163 333147 47577510 4361437 7195138
7802148 71266390 13184479 10127688 132677120 12745232 41144296 21109595 8868214 53515098 32369684 61642987 4971909 57504418 89770486 27628122 13032038 20289209 2277172 2937948 25737689 62445198 4618751 30300967 10565276 12761519 3651271 61273900 4503001 43809909 53865909 26385027 46737396 58495579 21256902 4823059 42541170 12642616 2648421 12833290 26073625 949181 45470041 10994249 11139440 65258852 22831961 11453726 15951623 59593549 50825425 23627116 30026553 23923378 14504135 14144560 58928527 1797657 20031371 1108540 10487552 7797158 4330895 639744 50002926 1545702 36278569 1726340 34270965 7336867 9647442 23979894 12602546 115873525 31759324 6357009 13862978 31932089 24773281 19042281 80967414 6048252 1530477 46468038 4443867 20754028 45893232 122026186 30141463 1398102 10505059 32232213 6358250 26403717 20413035 11047387 525304 18284558 26614755 45586308 3631533 44075048 18281309 23360266 3762421 56141559 12025196 23871836 10609440 37043979 14031719 5643091 18317025 39710560 95849095 76708615 27163352 856299 49800914 64222629 116331093 32543376 17978247 15494163 333147 47577510 128134414 7201746
25307057 58156868 34535533 185696110 37371941 12745232 17968304 76840491 103058441 15916153 123417832 69975359 79197516 60243568 45618663 39867633 57443294 53628680 495536 49656573 133393885 112664305 94509957 35950919 2757464 107719224 3651271 42856167 39764565 36694410 26524661 26013447 219029854 70647555 33823355 286010887 42541170 194173636 75178221 41776538 85584925 22998340 167648553 10994249 10370632 57842773 22831961 11453726 140705999 12631220 120606536 69986434 19316394 19251391 59093605 56647704 52306983 65187339 73899298 105609754 127338624 107338813 18481698 18422277 171964366 10394921 36345193 183152333 93132742 47859585 89636330 105558526 27024264 137005738 42716705 50595160 97843424 15541717 46942287 19042281 1127141 30728917 7972440 57931050 134363995 92782111 152144884 98350837 74006636 298602700 80540127 90798279 16873721 26403717 108442419 74419806 525304 66810352 79259970 146433590 61108067 53533371 81039691 261213373 63355576 101599761 219588964 28620561 37304169 68070395 152786592 41080232 342183397 95693583 40951625 79354060 16492813 33196341 9701078 5691197 116331093 124633602 11144276 211743261 79634914 38392986 75184639 7195138
23339507 139637031 20469476 3617533 37049265 12745232 49886661 39171384 103058441 27470127 86457870 33685274 52820306 22542142 45618663 14191890 26947611 123343247 495536 39810158 41036902 105016577 94509957 9377296 2757464 83929890 3651271 2803277 39764565 20656453 15263802 26013447 54371402 73375370 33792327 49528138 23322727 12642616 75178221 30615553 49056825 22998340 318750 10994249 10370632 125747048 22831961 11453726 13641440 12631220 77566297 22720918 8032091 126725316 20921773 56647704 117969175 37554958 137862908 25135066 123370973 123648894 18481698 18422277 28953580 2794530 15569611 12339046 34358052 7336867 89636330 146037518 44573994 38330743 2055971 61560173 97843424 57001644 1889812 19042281 11604678 6234294 25516693 46468038 35122842 34164510 24458163 100691418 64833436 54406051 10505059 23067052 39938233 26403717 41932617 35409055 525304 3406297 66101236 69294875 21056624 359205 127817669 32825289 44926505 81831463 152276919 28620561 17106983 68070395 38865723 38399908 15561957 95693583 40951625 136303477 254282 33196341 8002705 5610415 39462915 63084460 139231421 156184474 41866856 60001455 118926060 7195138
8773339 41141618 13184479 6660046 53413721 9005141 27886755 35187362 15711056 3885382 78593806 117887738 99670005 60243568 45618663 11761887 18266897 3182830 4583727 2452972 10006387 15212389 25562390 11720078 118813739 8060425 3651271 62992169 11561805 51317416 32646360 60343079 5283057 33738362 33823355 34661865 3630989 12543763 36985625 41776538 17684811 22998340 19031654 10994249 58488048 3008958 5742133 46311744 83945848 35728920 18524692 65642853 31534853 122606093 18828718 10238173 37365892 13901840 1641058 7727822 33657981 28818562 18481698 16012145 2304109 9228456 18078431 1726340 7769946 7336867 21625670 30752750 29734872 9990529 64980911 61560173 23512380 2439012 46942287 19042281 81030217 41982355 1530477 43780454 13292636 34164510 7053367 88372980 143970406 6171598 10505059 29060417 12746201 26403717 95252321 39468548 525304 70843466 4233503 24366782 23501009 18873424 98318214 93370610 50679498 19429843 362370 29588036 105847073 16083963 16612032 2630461 25708641 19239628 42485265 1430948 27163352 11909961 56035551 5691197 39861326 33183095 911298 63691069 333147 51754264 28296094 7195138
32184365 60846274 2513938 31312792 1868056 8545765 4574109 32222110 56920750 47536099 61761777 139299112 2968290 60243568 51736892 175586855 12036470 14928827 30881930 49287241 37154168 46042705 90724116 86664484 10565276 10853170 3651271 75338170 34580039 91804719 32985659 53859269 34397746 44638705 33823355 34661865 30247338 12543763 16707827 1548359 20105540 949181 29060901 10994249 14182174 145155971 10155181 6998270 136954330 2649287 57804990 11592639 31534853 30082016 13791106 56647704 20976696 65187339 37450946 33485670 5269815 22378755 18481698 18422277 36012274 23289999 2723194 1726340 34358052 14029173 36570729 141003877 29734872 92798575 67352924 76865966 56218959 34545888 46942287 19042281 41355367 17715920 1530477 33473353 22882906 75468849 86638268 16688503 52984891 21117121 10505059 2995097 19123433 26403717 32907912 47119503 525304 75960859 27359501 29529228 21056624 1612961 110063125 113651787 44750856 56104475 12025196 13429179 30913729 215403415 14419197 14354011 25740644 19239628 221861316 26560855 27163352 73912660 248102192 73748548 4851042 6850379 64592319 11647470 333147 74209826 128134414 7195138
7802148 22236352 13184479 6660046 1868056 12745232 4574109 32222110 56920750 47536099 39893672 65906432 978533 60243568 31345541 14137725 34872738 14928827 30881930 2452972 32062462 62445198 85357992 4223028 10565276 12761519 3651271 143892781 11561805 62453808 5804463 23596959 48336600 44638705 15409887 68180759 8188398 12543763 104519936 1548359 20105540 20255823 5235585 10994249 8887445 25950560 5742133 100859830 89918788 95211786 18524692 23627116 15999458 9012649 95912 34751556 58023042 65187339 21212413 7727822 11719547 7797158 18481698 8734879 28953580 16417600 7590338 40073835 7769946 14029173 65688954 21940227 41380029 48194028 29208139 20200126 13862978 35719603 46942287 1891760 48924105 17715920 1530477 33473353 85599003 12213438 90142090 16688503 17391524 1398102 10505059 12398049 19123433 26403717 26032187 39468548 525304 53269324 27359501 37130642 26128484 53533371 3734865 42514211 40158826 35153545 12025196 7500048 17106983 85436614 8821333 14354011 86019296 19239628 154265284 41358386 58694447 9662590 44717771 15022866 4851042 33183095 52182823 15494163 333147 51754264 4361437 7195138
7802148 102158234 13184479 25716779 1868056 4854178 28761147 37427668 15171203 15916153 61761777 90091460 177129924 60243568 31345541 10493831 91532780 21040367 30881930 2452972 32062462 62445198 45419299 4223028 2410503 12761519 3651271 46391258 9592355 34021862 49586604 31601492 48336600 505696 33823355 73214413 8188398 12642616 2648421 16149865 88399414 22998340 5235585 10994249 14182174 77000629 6577158 38117314 17057576 67749763 79867739 23627116 31534853 19251391 95912 56647704 7325136 65187339 93608448 7727822 11719547 22378755 18481698 18422277 2546349 23289999 9355128 1214311 34358052 14029173 81044913 49118968 41380029 116973731 29208139 34092812 98843825 35719603 46942287 1891760 48924105 56033479 1530477 68354842 92647512 24375973 4605918 16688503 53130299 31631278 10505059 24446652 52130229 11173529 34245012 35409055 525304 52477916 66156252 68933016 64734183 1612961 45319866 36283675 44750856 35153545 70763181 7500048 8267786 93689828 64785038 14354011 100634087 16026452 154610311 27413948 27163352 4233399 33432492 50426880 4851042 6850379 64592319 15494163 333147 47676858 7424833 7195138
32184365 7509575 13184479 2918921 37371941 12745232 41144296 36217457 22383659 66020008 5386105 29444805 978533 22542142 69613022 77952756 10169647 21040367 495536 2452972 32608266 1967161 48015224 30300967 9685356 19049009 961938 38230921 42938895 1077159 49586604 20611320 48336600 44638705 15409887 6055005 42541170 12642616 20452833 41776538 13960952 949181 38558170 10994249 58488048 1787621 10211956 94669343 74407196 12631220 49794506 43802986 31534853 9012649 14504135 56647704 5771263 24579468 1479183 64043823 28604871 7797158 18481698 639744 34778218 61807293 76900304 57810256 34358052 14029173 47358698 21408447 44573994 1137316 26904888 38107732 31348043 44539931 36442441 19042281 15354299 114669776 1530477 36235947 20903899 26293371 19111954 28514120 74006636 11542398 10505059 53845195 52130229 2378059 26032187 70248969 525304 30210761 5141649 26295262 73534345 1612961 3734865 42514211 50679498 25206830 139771717 25348046 39989206 95994621 28341236 11846597 25740644 51487380 10272036 618915 16579456 29444054 19411598 73748548 75765173 7015724 26543951 6750385 333147 39845646 22815214 7195138
5876842 46832713 13184479 10127688 37371941 6264343 4574109 7752961 56920750 53515098 24464597 29444805 4829201 38843218 49433314 23675529 10169647 16684006 30881930 2452972 37154168 62445198 35736639 96496074 9685356 32043842 961938 38439432 4503001 19084987 73340517 26013447 48336600 44638705 33823355 27347217 9965949 12642616 32955005 12833290 50981624 949181 5235585 10994249 10370632 95040542 35594242 26096331 32320992 2649287 22638957 19455041 15999458 59908174 81751156 18489150 117969175 40195981 1479183 25135066 16212043 7797158 18481698 8734879 28953580 6426421 15569611 1726340 17630691 14029173 18820445 21408447 54058469 1137316 30208762 29807850 21212299 44294739 1889812 19042281 230729 23780590 1530477 3817576 67925277 1351402 19111954 80592907 72260255 18442261 4116239 24958164 14326384 2378059 26032187 12483767 525304 98479 26614755 23375019 9093389 1612961 33467321 42514211 11962605 25206830 1055109 13429179 17106983 20433898 8263329 13515688 25740644 19239628 71410234 29432079 27163352 28639394 37800078 26070201 34607482 6850379 29978211 6750385 333147 25157177 128134414 7195138
27389917 20329736 577103 31312792 1697416 12745232 28761147 39837975 56920750 15916153 61761777 54914465 3055791 60243568 49349497 59748893 9155976 14928827 18398511 30894791 45538835 4746177 8661516 30300967 10565276 3859574 3651271 19172296 27884929 48551330 5804463 6341692 25305104 14531873 15409887 37885013 8188398 12543763 42629672 13848534 74334179 22998340 21902027 10994249 8887445 3338430 22831961 19582265 8486256 29477188 49794506 23627116 31534853 28250322 77475343 56647704 25348768 24579468 1641058 45258848 7379377 7797158 4330895 639744 1995120 6426421 12212761 1726340 34358052 14029173 15568912 14662314 27024264 99352859 9594539 6357009 36555068 17860770 46470577 19042281 3894181 5185298 1530477 17392088 20812316 12213438 15245144 97365970 72514257 31631278 5320901 5018778 16873721 26403717 26032187 12483767 525304 8317876 2357298 23843410 49777559 21823458 12718267 113651787 44750856 67413789 9238479 7500048 12138914 41098317 4071763 14354011 60163813 21644550 154265284 7613690 27163352 5741081 19302769 40436988 69533697 6850379 17978247 13790828 333147 18314621 53309237 7195138
7802148 64060447 577103 25716779 1868056 8545765 4574109 32222110 66191506 8392598 11915186 90091460 978533 60243568 89770486 14137725 47445943 14928827 18398511 2452972 50053353 62445198 45419299 86664484 10565276 8782356 3651271 38439432 48352428 91804719 49586604 118950136 48336600 44638705 15409887 37885013 6448356 12543763 16707827 12833290 74334179 22998340 29895649 10994249 58488048 25045324 10155181 38117314 8486256 11808701 1213363 23627116 15999458 19251391 95912 16235763 54458199 65187339 73939708 7727822 5773363 7797158 12455846 639744 1995120 22536118 15569611 1214311 34358052 26467824 60036345 14662314 27024264 33075260 3630710 27613905 57118894 17860770 46942287 19042281 66105262 17715920 25516693 38638741 22882906 6810476 75167144 41730893 73523564 41489100 5320901 5018778 16873721 11173529 26032187 41046619 525304 8317876 2357298 23843410 43161390 64539980 3734865 13266346 2711556 31823671 9238479 7500048 17106983 93689828 30586562 18176579 26051810 19239628 17038305 41358386 27163352 100052411 44717771 54697221 116331093 44349684 52182823 15494163 41866856 44996585 53309237 7195138
13185937 5389782 13184479 25716779 1697416 3766471 4574109 56122396 27455312 15916153 48520562 63275533 978533 15368032 89770486 10493831 33948655 21040367 30881930 19629439 32608266 1967161 4212015 15539079 10565276 3859574 3651271 38230921 5825682 38701711 22137587 111458816 10794924 35634218 15409887 68180759 42541170 12642616 25748146 1548359 20105540 22998340 29895649 10994249 58488048 25594832 10155181 6998270 19102632 40603406 1213363 147739 30464559 28704027 95912 56647704 15721883 40893610 109522322 7727822 11719547 6002400 18481698 8734879 1995120 8304383 12212761 1726340 17630691 14029173 7624649 49118968 27024264 9990529 29208139 41809304 5138317 35719603 39511423 19042281 25229388 17715920 1530477 33473353 3546525 6810476 4605918 19868554 17468046 1398102 10505059 5018778 2626111 11173529 26032187 24174499 525304 52477916 27359501 13857018 24955412 1612961 3734865 101385340 44750856 35153545 27894746 7500048 30913729 30532387 137599319 14354011 60163813 96917964 10272036 26560855 9353080 10140183 19302769 31224771 116331093 6850379 49321425 15494163 333147 24445826 7424833 7195138
32184365 5389782 577103 81152968 1697416 12745232 4574109 52602435 2335064 27470127 66538951 69975359 978533 85282032 89770486 40743048 33948655 14928827 18398511 2452972 32608266 1967161 25455312 15539079 7686997 3859574 27062174 14466989 27884929 15229563 34640093 29045263 48336600 44638705 15409887 37885013 87890603 12543763 71649567 21510207 49431367 21521349 29895649 10994249 14182174 25950560 52170438 19582265 161185336 40619923 1213363 147739 15999458 19251391 13791106 56647704 58023042 65187339 2595534 7727822 11719547 7797158 18481698 639744 1995120 8304383 12212761 1726340 1159000 41380539 7624649 23979894 27024264 92798575 14849967 25083098 13862978 17860770 46942287 19042281 11604678 17715920 10766766 57244154 3546525 6810476 14283564 19868554 53130299 1398102 10505059 5018778 2626111 26403717 26032187 7587559 525304 52477916 27359501 13857018 24955412 21823458 3734865 113651787 33977065 67413789 1055109 21896849 12138914 69184166 17159682 38784544 31595490 47442142 10272036 7613690 27163352 20687292 19302769 50426880 4851042 44349684 49321425 13790828 11387878 924313 162564257 7195138
5876842 139637031 7787371 10127688 85588416 12745232 17837375 21861454 36563039 40510848 15479950 39525721 978533 60243568 97401798 105978435 70817828 7271042 17966784 2452972 21689838 4728534 38603101 123773077 10565276 12761519 3651271 2803277 8961921 43809909 3901026 68925280 9555136 44638705 4134210 32556167 10829913 12543763 20522068 21510207 9018652 18685125 37458697 10994249 10370632 25950560 26835654 11453726 90985235 95211786 27968821 2763495 15999458 39235114 14504135 49634394 117969175 9010686 1479183 1108540 11719547 7797158 18481698 18422277 28953580 8304383 15569611 1726340 3070617 14029173 7624649 23979894 4680196 81564819 53854563 42990785 23512380 10001869 1889812 19042281 230729 66024841 1530477 46468038 3546525 24375973 75167144 122026186 59189016 9674287 10505059 47909979 16873721 19222845 20413035 39468548 525304 30210761 37464974 7956546 24955412 1612961 3734865 32825289 3762421 67413789 75116546 46920659 17106983 63563570 38865723 11846597 24512866 15186596 7152975 92713001 27163352 20687292 9701078 64222629 4851042 33183095 37292664 11647470 333147 60001455 55034387 7195138
13185937 202011430 37751021 81152968 1868056 3766471 27356419 37427668 56920750 43689005 75826550 36310469 20231142 15368032 58675882 104747425 47445943 14928827 23176980 30288884 52009772 62445198 4212015 20392111 10565276 13886831 80274875 154955182 5309122 54301029 49586604 71392408 5398487 21273215 33823355 37885013 46183897 12543763 73945828 1548359 20105540 22998340 5235585 10994249 31472737 32524542 85853728 59915236 42231025 4660124 1213363 30390366 31534853 19251391 95912 76035046 37961991 24579468 15166637 21855807 88367195 7797158 8239239 18422277 7198878 6426421 12671820 1726340 34358052 26467824 7624649 6219360 27024264 37467944 23308989 6357009 71787010 50907239 28524973 1891760 48924105 65387561 25516693 17392088 20812316 6810476 74262973 9609400 17468046 31631278 10505059 4630572 8181043 26403717 26032187 47119503 525304 8838819 27359501 32585371 44271665 1612961 49376558 11820421 44750856 35153545 7214571 66847525 10609440 71822832 82450600 88298842 60163813 63958582 139102130 52206643 9353080 10140183 29354803 17481623 24725672 54308798 17978247 57686958 333147 74209826 47420378 7810179
25307057 76730777 577103 31312792 37371941 12745232 23947135 5584228 15711056 29667783 61761777 20752637 30437969 60243568 73588938 14137725 53570375 37878143 16923390 30288884 13478717 62445198 8661516 7876632 2410503 62661659 3651271 14665885 27884929 10930507 62392403 109842630 14415876 505696 33823355 57773461 6448356 12642616 19277332 36275051 17512677 22998340 21902027 10994249 5287182 25045324 6577158 49832604 26194302 4660124 49794506 6737576 15999458 13658023 95912 34751556 13414756 65187339 45697355 25135066 28604871 1818928 18481698 639744 1249160 120292347 15569611 1726340 2405196 14029173 4272784 6219360 65323884 91587401 29208139 36846383 23512380 8024822 46942287 19042281 21807368 17715920 1530477 19191910 116934871 26293371 4605918 61836484 74006636 26474789 10505059 90798279 21235017 7699313 26032187 27000594 525304 66942017 61498447 17509633 75917444 11605296 8450267 8032411 2711556 34176990 9238479 7500048 17106983 17464270 28341236 14354011 25740644 19630763 32445478 32432377 928844 10140183 26402681 45474480 20169717 6850379 37292664 67208904 333147 18314621 29778500 7195138
32184365 5389782 577103 24160978 1697416 4854178 28761147 21861454 35778699 30427726 61761777 99437148 58967655 60243568 45618663 40743048 9155976 21040367 4583727 36365660 50053353 4746177 25455312 4907306 442167 3859574 3651271 92051166 95561950 48551330 2218220 6341692 48336600 44638705 15409887 51044122 14884951 12642616 20522068 17635614 4770683 22998340 5235585 10994249 31472737 13080075 10155181 52870191 12551448 67749763 86112725 6737576 15999458 84352798 95912 56647704 92934701 65187339 1641058 21855807 11719547 7797158 18481698 639744 17609717 36720293 12212761 1726340 386905 14029173 49140324 4867194 27024264 24648719 9926118 6357009 36555068 44539931 46942287 19042281 3894181 65387561 1530477 46468038 48223320 26293371 36915311 94187914 73523564 23259893 10326809 31761202 6327103 26403717 26032187 12483767 525304 33592822 5674310 26295262 60218234 27761777 30068325 3136695 44750856 67413789 70763181 60353443 12138914 93689828 17159682 14354011 31595490 16026452 78794955 7613690 27163352 4233399 19302769 37017674 69748657 6850379 17978247 15494163 333147 924313 55034387 7195138
7802148 5389782 6870368 25716779 1697416 4854178 23345186 37427668 56920750 27470127 61761777 99081003 978533 60243568 89770486 40743048 8323503 14928827 23176980 2452972 50053353 62445198 60566880 27573323 10565276 3859574 3651271 38230921 110001238 36694410 49586604 60343079 18916988 44638705 15409887 32556167 42541170 12543763 79555879 17635614 75963793 22998340 187582949 10994249 10370632 13080075 22831961 41325216 140705999 59071408 10331276 147739 15999458 12298627 95912 34751556 24644844 9010686 21995345 7727822 11719547 7797158 18481698 8734879 1995120 10394921 12212761 1726340 34358052 14029173 7624649 6747101 39990366 9990529 29208139 6293665 50284626 57001644 34429946 19042281 3894181 23780590 1530477 17392088 20812316 24375973 14283564 41730893 73523564 31631278 10505059 5018778 52130229 26403717 26032187 37081632 525304 70843466 27359501 23843410 28590197 1612961 3734865 57224477 44750856 67413789 27894746 103109476 10609440 68070395 22712100 14354011 100634087 63958582 235892279 8714253 58694447 4233399 9701078 49883072 4851042 6850379 5586972 13790828 333147 73991092 28296094 7195138
799952 2951165 13184479 6660046 1868056 12745232 41144296 7752961 26169962 53515098 24464597 35084111 9389229 59029287 48517100 14137725 38586906 15767900 30881930 2452972 50053353 1967161 44717486 27573323 2757464 2470502 3651271 69728380 5309122 1077159 27838302 26013447 54332702 44638705 15409887 15454990 42541170 12642616 20452833 12833290 24095429 949181 26866632 10994249 10370632 25950560 5742133 58842888 32320992 73933655 34308104 39061245 15999458 5379594 20921773 56647704 21333281 44862946 16845068 1108540 11926206 7797158 18481698 8734879 1995120 23289999 15569611 1726340 11955277 14029173 40824056 18317134 27024264 1137316 13435335 20200126 13862978 15541717 1889812 19042281 22273856 23780590 1530477 17392088 20812316 24375973 34224226 99381538 34389309 1398102 10505059 5018778 14326384 25667244 26032187 26516015 525304 23076813 93765590 37130642 23501009 9305405 75455789 42514211 40158826 67413789 36300009 4863483 10609440 3016120 28341236 6825827 56323297 15444226 10272036 27413948 27163352 28639394 18812569 6210670 2924812 20815462 34133280 11946685 333147 703669 69205109 7195138
23339507 139637031 13184479 6660046 1868056 12745232 27886755 52602435 37912860 40510848 5861319 99081003 4829201 60243568 121470719 14137725 34872738 20546585 30881930 2937948 50053353 91237114 97814501 110594932 23574465 107719224 3651271 3049245 34580039 1077159 44874489 16137671 54332702 44638705 33823355 6055005 42541170 12642616 91444066 21510207 4770683 949181 5235585 10994249 14182174 1787621 5742133 58842888 179190894 95211786 34308104 28222751 2979882 12990612 46926373 34751556 11384355 65187339 109522322 25135066 28604871 7797158 18481698 8734879 28953580 8304383 15569611 1726340 11955277 14029173 47358698 18317134 44573994 1593635 6673280 604362 18253020 35719603 46942287 19042281 5773856 23780590 1530477 46468038 3546525 24375973 45893232 70912195 34389309 31631278 12135679 27442087 19123433 26403717 26032187 26516015 525304 70843466 93765590 37130642 23501009 9305405 74188665 42514211 40158826 58806719 48468141 4863483 10878302 45996548 44966366 7393117 43491686 47681866 26057859 27413948 17260024 24270063 151893778 3788776 4851042 33183095 52182823 171076745 333147 96088291 128134414 7195138
25307057 22236352 2513938 32018106 1868056 8545765 23947135 21861454 27455312 37435115 61761777 20752637 30437969 41290023 45618663 2558601 238038 15767900 4583727 30288884 32062462 46042705 81587147 66674760 10565276 10853170 3651271 45428926 5309122 54301029 5804463 11007018 34397746 35634218 33823355 32556167 6448356 12642616 16707827 41776538 17512677 22998340 5235585 10994249 2380234 3023430 6577158 6998270 18439719 2649287 10331276 3698761 31534853 30082016 95912 76035046 58023042 65187339 37450946 33485670 5269815 7797158 51780561 18422277 96844878 8304383 5540365 1726340 2405196 14029173 36570729 6219360 27024264 92798575 67352924 36846383 52494416 11176616 46942287 6459471 41355367 17715920 1530477 19191910 3546525 12213438 4605918 16688503 52984891 31631278 10505059 2995097 16873721 25667244 26032187 47119503 525304 52477916 61498447 32328827 144817 20728413 20912700 64712165 2711556 34176990 9238479 13429179 64854819 133992202 14419197 14354011 25740644 19239628 32445478 2255523 928844 10140183 33168778 50426880 20169717 6850379 32085309 79514649 333147 111287991 29778500 1536856
23339507 22236352 13184479 12736657 53413721 12745232 28761147 25101055 15711056 29667783 78593806 29444805 30437969 41489043 45618663 10493831 53570375 37878143 4583727 59165133 13478717 1967161 8661516 11342137 2410503 19049009 3651271 45428926 115141263 10930507 427436 62855498 14415876 14531873 33823355 37905788 8188398 12642616 36985625 12902880 88399414 22998340 120717831 10994249 8887445 18290164 6577158 40127595 12551448 35728920 49794506 10479783 15999458 44804600 95912 56647704 50275560 65187339 8646076 7727822 28604871 7797158 9722637 18422277 2304109 16417600 15569611 1726340 7769946 14029173 7624649 14662314 27024264 28451198 9926118 36693107 23512380 8024822 46942287 19042281 48924105 7096267 1530477 46468038 34744088 12213438 4605918 84232911 1849944 12532583 10505059 98252615 9434343 7699313 26032187 27000594 525304 102139063 5141649 17509633 23501009 11605296 75265092 3136695 63355576 34176990 9238479 7500048 17106983 17464270 59080319 14354011 98408420 19239628 10272036 32432377 18845838 10140183 33168778 5691197 5456287 33183095 47175603 185909872 333147 20786480 29778500 7195138
7802148 22236352 13184479 6660046 30665755 12745232 4574109 52602435 4625899 53515098 25791193 20759943 978533 60243568 41044254 55722210 34872738 8226764 30881930 2452972 471178 1967161 90724116 22676280 10565276 3321329 3651271 53564187 379556 91804719 5804463 79721145 18333064 44638705 4134210 37885013 42541170 12543763 73945828 21510207 4770683 22998340 8944792 10994249 8887445 25950560 5742133 100859830 127285228 40619923 1213363 23627116 31534853 12292136 95912 55795502 151089735 65187339 1641058 7727822 11719547 7797158 18481698 639744 4207670 6426421 9355128 1726340 34358052 14029173 4435764 14970373 41380029 27071476 141379684 27613905 13862978 10001869 1889812 6459471 12625791 11854821 1530477 57244154 29075931 6810476 34076539 94411635 1415293 1398102 10505059 47909979 52130229 26403717 24965685 47119503 525304 226903243 93765590 18380948 24127184 55560914 3734865 76939731 2116641 63521230 1055109 128093042 10609440 24099739 436224 14354011 58669281 63958582 10272036 18196373 27163352 25994410 44206128 39845873 4851042 33183095 83500532 12195550 333147 25157177 53309237 7195138
13185937 22236352 2513938 6660046 1697416 12745232 39518510 21861454 15711056 29667783 84119235 20752637 30437969 15368032 51736892 2558601 12036470 14928827 16923390 30288884 12060161 62445198 20231177 27211655 10565276 3859574 3651271 45428926 105375067 10930507 427436 11007018 25305104 21273215 33823355 57773461 6448356 12543763 20522068 16149865 17512677 22998340 5235585 10994249 8887445 3023430 5742133 6998270 18439719 2649287 10331276 3698761 15999458 30082016 95912 56647704 37961991 24579468 87282080 33485670 5269815 7797158 9722637 639744 2304109 16417600 9355128 1726340 2405196 9538010 4272784 6219360 27024264 109216539 2055971 76865966 23512380 35719603 46942287 19042281 41355367 17715920 1530477 19191910 103253278 12213438 44205160 16688503 73523564 12532583 10505059 41296607 16873721 7699313 26032187 27000594 525304 15869124 5141649 32585371 70117747 64539980 8450267 48029846 2711556 34176990 9238479 7500048 17106983 37204439 14419197 14354011 26687846 19630763 32445478 1547186 17260024 10140183 19302769 5691197 24725672 20815462 26543951 79514649 333147 20786480 29778500 1536856
23339507 139637031 13184479 25716779 91725184 6264343 4574109 39837975 56920750 15523302 34003057 29444805 8708195 60243568 121470719 71264342 8072171 14928827 495536 2452972 50053353 46689247 1326785 11720078 10565276 31086836 3651271 2803277 23909840 68631813 49586604 54835015 54332702 44638705 15214655 32556167 9965949 12543763 42629672 1548359 20105540 949181 14876744 10994249 10370632 25950560 22831961 35729452 17057576 5237479 18646979 23627116 15999458 89808573 3477914 18489150 37961991 59438078 39877518 47257708 11719547 12716220 18481698 639744 28953580 7663900 7590338 75573026 16285441 7336867 9647442 23979894 18629517 38330743 61021766 53199481 17119519 44294739 24773281 19042281 80967414 13631950 280041 30436279 3546525 1351402 17645557 94411635 17391524 9674287 10505059 24483501 52130229 1964311 14940356 47119503 525304 70843466 26614755 7956546 3021928 12409772 33454161 16817173 50529383 75300807 12025196 51967585 17106983 68070395 14031719 14354011 116309472 26686533 2058011 10651469 11205519 10140183 33168778 26698992 4851042 33183095 59213041 15494163 333147 59056578 4361437 7195138
11277460 11028826 13184479 4639359 1697416 12745232 13246730 21861454 19162425 10041554 16334147 19633593 3055791 60243568 105180287 14191890 3981988 19714107 3942631 2452972 58278269 4746177 1995183 4017642 442167 3859574 3651271 12453239 18562786 19084987 5804463 18448384 34397746 2390488 15409887 19523514 42541170 9714775 20522068 1548359 4770683 22998340 15954892 10994249 8887445 25045324 314542 19582265 19988356 7563117 1213363 6737576 31534853 5379594 66858040 56647704 98401153 39431529 25069615 25135066 7379377 7797158 13502449 639744 7198878 6426421 12212761 1726340 26566166 14029173 15568912 1689832 29734872 1137316 14849967 6313383 54557916 55909980 2481391 19042281 28528648 23780590 1530477 46468038 2751319 6810476 86638268 36182505 38042837 31631278 10505059 19829171 24835556 26403717 4252776 31110565 525304 43637846 5674310 5408768 27760642 21823458 30068325 42514211 11962605 30748811 9238479 18805932 10878302 65293302 17159682 808716 11581792 47442142 99864122 18196373 16579456 29444054 19302769 73748548 37513415 20815462 17978247 13790828 333147 924313 46256733 7195138
27389917 11028826 13184479 31312792 1868056 12745232 13246730 25101055 56920750 10041554 78593806 38753552 19725372 22542142 121470719 39005895 3548436 21040367 3942631 2452972 21689838 46042705 97814501 22676280 10565276 24403809 3651271 75150734 34580039 68631813 10649237 25153288 8607526 987119 4134210 37885013 3630989 9714775 73945828 1548359 20105540 18663644 5235585 10994249 14182174 25594832 13243896 94669343 12551448 7563117 18646979 34698352 31534853 98322417 13791106 56647704 37961991 42245718 26889552 7727822 28604871 7797158 18481698 18422277 12681370 6426421 111014474 1726340 26566166 14029173 34361600 1689832 44573994 9990529 3630710 25083098 8288111 10001869 46942287 19042281 80967414 17715920 1530477 17392088 15084638 26293371 45893232 41730893 48720561 31631278 10505059 15349394 19123433 26403717 24965685 32655455 525304 22716938 12331989 32328827 44271665 12409772 52040643 3136695 50679498 67413789 48468141 117132215 10878302 45996548 4071763 14354011 86019296 19239628 42485265 18196373 11205519 24270063 29354803 71015624 4851042 27802395 63335080 124905980 333147 44986395 128134414 7195138
78149464 22236352 13184479 4639359 1697416 12745232 33834704 10122102 21697405 47536099 25791193 19633593 108682275 60243568 97401798 14191890 3981988 14928827 23176980 2452972 58278269 62445198 45419299 15298094 442167 3859574 3651271 12453239 11561805 19084987 5804463 18448384 34397746 2266595 33823355 32556167 42541170 12543763 32108892 1548359 20105540 22998340 36214858 10994249 8887445 47683374 22831961 38117314 19988356 7563117 1213363 10449205 31534853 31391330 66858040 68462468 3538586 24579468 25069615 14333510 5172686 7797158 13502449 639744 7198878 6426421 12212761 1214311 23089385 14029173 15568912 1689832 27024264 1137316 14849967 25083098 79635933 55909980 2481391 19042281 64676538 36181218 1530477 65026614 2751319 6810476 15245144 94187914 66055443 31631278 10505059 19829171 16873721 26403717 4252776 26516015 525304 43637846 5674310 5408768 26128484 79310681 37010980 106306170 11962605 25436767 5969938 13510617 10878302 65293302 17159682 14354011 11581792 48472190 176305209 26560855 27163352 18233960 19302769 73748548 116331093 24309678 26543951 13790828 333147 924313 51647069 16613585
21322280 70410320 13184479 10127688 53413721 586349 4574109 21861454 15711056 10041554 61761777 20752637 978533 10000742 12331624 77952756 8323503 59166662 4583727 2452972 50053353 15212389 5214486 27573323 2410503 2470502 3651271 12453239 11561805 1077159 34640093 41013572 18916988 44638705 4134210 4823059 40281015 73249863 13109845 41776538 28444256 22998340 5235585 10994249 4774387 14074124 22831961 6020821 50854925 6851675 1213363 6737576 1704005 19251391 95912 56647704 11884709 8592456 1917696 1108540 64657009 7797158 13649516 639744 28953580 2794530 15569611 1726340 1159000 7336867 1595851 1127723 44573994 38330743 34736415 27613905 15001488 10001869 34429946 18509161 35176429 17715920 1530477 3817576 23648284 6810476 75167144 19868554 75336450 31631278 10505059 1896021 12746201 26403717 26032187 27474742 525304 33666844 61498447 657041 23501009 1612961 3734865 57763399 5996934 66040660 41774166 15616098 17106983 45996548 12159163 4649865 21140199 47442142 118974943 5189076 13498283 13288898 26402681 26151338 4851042 6850379 26543951 7383109 333147 51754264 7424833 7195138
25307057 60846274 13184479 55657733 18266124 12745232 60443446 7752961 13045142 53515098 25791193 12212170 9389229 31530469 62427449 104747425 8072171 14928827 3942631 2452972 17302896 69667588 37173556 27573323 24625300 49005867 3651271 38230921 6176629 65780237 32332222 5364780 18916988 34187238 33823355 15454990 30247338 12543763 20522068 41776538 48060875 18663644 37458697 10994249 10370632 54811753 22831961 8546324 5410629 5237479 21442131 6737576 1704005 45605079 10808626 56647704 11884709 24579468 16845068 25135066 18321993 2493448 14563262 639744 50612659 63665975 7590338 1726340 3351193 7336867 15568912 1127723 27024264 18739391 13435335 20200126 13862978 39517679 46942287 19042281 61813662 14518146 1530477 3817576 34977050 4617577 17645557 87828927 17391524 1398102 10505059 17312904 16873721 26403717 22587616 12289620 525304 162607219 61498447 8326117 47089124 1612961 30068325 24525915 5996934 7228362 33585225 31913017 10609440 56973775 65117761 1195475 31595490 19239628 62372135 52206643 27163352 13288898 22092408 39845873 72891166 63557818 11547178 6715885 333147 924313 4361437 7195138
32184365 9469465 13184479 10127688 110485703 7270023 27886755 56122396 36563039 5011980 10967763 51771929 978533 30429834 7297121 23470518 8323503 14928827 23176980 59165133 31642479 15212389 48304588 30300967 10565276 62661659 3651271 29330471 34580039 48551330 39673243 118950136 18916988 44638705 15409887 15454990 10829913 12543763 19277332 21510207 24095429 949181 5235585 10994249 55250810 16557350 12519816 22504648 26194302 5237479 185289395 10479783 23157198 31391330 59798562 5881872 33015699 24579468 21995345 7605901 10487552 7797158 18481698 639744 69540182 36720293 25789880 1726340 18680976 7336867 89636330 57529486 27024264 81564819 13435335 6029652 28139551 18217551 46942287 19042281 21807368 17715920 1530477 17392088 17831195 9700473 8252532 94187914 47283090 31631278 10505059 4630572 16873721 13209901 4252776 47119503 525304 43637846 25012088 5935994 944905 53533371 3734865 25629198 28399035 34176990 73382200 25348046 39989206 45996548 17159682 14354011 21140199 56638720 154265284 41358386 27163352 80463974 29354803 17481623 8179792 6850379 26543951 122273174 333147 45821498 22815214 7195138
97317695 116615666 180329032 12736657 125816887 12745232 41144296 65950596 103058441 74719064 96537563 63726466 216505823 123417543 41533944 82587633 8323503 14928827 96249882 59165133 50053353 62445198 90724116 129040121 9685356 144556977 25729833 176648477 132894600 91804719 49586604 76465295 18916988 50782125 15409887 15454990 229346179 12543763 91444066 53961398 13234537 949181 143479835 10994249 101820067 25950560 245517888 81807566 129624484 171078513 85437118 10479783 15999458 96580360 158936154 68462468 136247142 44862946 446319600 7605901 11719547 7797158 80934797 639744 28953580 413572368 15569611 55145398 34358052 47859585 90956381 146037518 44573994 1137316 13435335 42990785 83153330 18217551 1889812 19042281 104240230 84459782 25516693 73190998 242038299 9700473 19111954 94187914 143970406 70124790 10505059 90798279 244252496 17056472 26032187 47119503 525304 15869124 147583479 6641461 26128484 53533371 117880895 48029846 50679498 67413789 135749155 64239091 17106983 111400947 86664166 21342766 102146272 15762633 154265284 48042061 27163352 134100693 85479121 49883072 116331093 47053114 52182823 15494163 41866856 74209826 162564257 17297813
27389917 71266390 13184479 32734252 25977614 12745232 75788177 65950596 34595945 42287965 86101458 24706357 39829074 20646832 3411711 119039763 8323503 14928827 30881930 30894791 59250640 1967161 90724116 70823535 10565276 144556977 3651271 61256057 78410638 83767460 27838302 158462736 13477378 44638705 33823355 32556167 42541170 5451089 25748146 30082530 48060875 22998340 5235585 10994249 16766828 39602050 23640 68148608 161185336 17685996 88567488 10479783 31534853 28704027 77475343 68462468 35817613 5566806 109522322 41433592 86184462 7797158 72958476 639744 46820269 288805913 76900304 1726340 34358052 7336867 89636330 71968191 6854629 187784350 48772842 27103243 142153984 18217551 46942287 19042281 69308514 194899492 1530477 57931050 17831195 70257263 90142090 94187914 73523564 31631278 10505059 1896021 4453606 26403717 26032187 35409055 525304 97773411 23963118 195484230 26286619 4716912 110063125 14361142 60828714 67413789 55734127 25348046 5054040 76833131 118964472 14354011 21140199 52186616 10272036 79354060 114819604 49282035 56035551 49883072 112596107 44349684 71946748 10275600 333147 47577510 22815214 7810179
7802148 2951165 13184479 25716779 1868056 4642707 42820937 10122102 4795970 27470127 61761777 20752637 978533 59029287 25232709 96940281 3548436 14928827 3942631 1642549 3710770 1967161 2316853 30300967 10565276 2470502 3651271 69728380 23909840 49912003 38555877 23596959 18916988 987119 15409887 28441016 42541170 351045 47801243 21510207 49849162 20255823 16417513 10994249 10370632 13080075 22831961 53239987 4125588 95211786 34308104 23627116 23416841 9012649 23812288 34751556 59362181 24579468 19105707 7727822 11719547 7797158 18481698 639744 7801594 10394921 56400027 1726340 11955277 7336867 7624649 23979894 41380029 92798575 14849967 51423547 13862978 18431591 13914220 19042281 7496460 23780590 1530477 17392088 20812316 20754028 36915311 28514120 30141463 1398102 12135679 4630572 19123433 26403717 26032187 26516015 525304 70843466 26614755 5036520 25501131 53533371 3734865 32825289 43991938 1991758 5969938 23871836 5054040 16083963 44966366 14354011 30555622 11819835 10272036 26560855 294428 29444054 9701078 3788776 4851042 6850379 26543951 6750385 333147 924313 53309237 7195138
28524754 2951165 2513938 6660046 1868056 7270023 39518510 10122102 22383659 63433455 24464597 27553783 12702596 60243568 7297121 14137725 3548436 14928827 17966784 1693848 3710770 62445198 48015224 12700179 10565276 2470502 3651271 49922823 34580039 70355526 49586604 45553747 39840070 987119 15409887 41005946 531394 12543763 20452833 17090491 24095429 949181 16417513 10994249 10370632 13080075 5742133 57320899 38483471 7881288 47319687 6737576 31534853 566964 77475343 34751556 33015699 40195981 16005021 7727822 16212043 7797158 18481698 639744 85444725 23289999 56400027 84818060 11955277 14029173 15568912 21408447 54058469 92798575 2340465 604362 17119519 35719603 13914220 19042281 80967414 23780590 1530477 65026614 29075931 24375973 36915311 97365970 46226020 31631278 10505059 4630572 19123433 26403717 26032187 47119503 525304 70843466 93765590 37130642 25501131 51653638 30068325 101832405 42156433 1991758 5969938 21896849 63003487 6329402 44966366 14354011 100634087 11819835 44048926 26560855 17260024 24270063 179075587 17481623 4851042 6850379 17978247 6750385 333147 73991092 53309237 7195138
