25307057 101690221 43544098 10127688 82510548 3766471 9658563 21861454 4625899 14241272 123417832 192921107 978533 2507509 70121820 60584097 16853472 7271042 324371 2452972 12527733 4728534 4212015 11720078 7880079 105978672 3651271 74111278 34580039 830100 49586604 158462736 6919521 18232760 15409887 55205512 531394 12982391 20522068 1548359 20105540 22998340 37458697 10994249 2676287 25950560 4749422 35729452 58846292 95211786 1213363 6737576 15999458 73691248 23812288 56647704 6205166 20494064 26889552 7727822 11719547 7797158 18481698 639744 7198878 7663900 15569611 1726340 26566166 7336867 9647442 27438572 27024264 157311595 3630710 61560173 272273596 57001644 46942287 1891760 73136182 23780590 1530477 46468038 17831195 6810476 52064896 98350837 38042837 10947694 10505059 15349394 16873721 26403717 18282696 47119503 525304 43637846 26614755 211510583 26128484 53533371 3734865 46776882 6082138 51310183 103061330 38007307 17106983 60400184 86030890 14354011 96071783 114980136 46721059 10651469 9353080 11909961 105794160 71015624 8179792 34591551 37292664 15494163 41866856 73991092 51647069 7195138
5876842 68157095 13184479 10127688 1697416 12745232 27886755 21861454 56920750 27470127 74503180 167708554 978533 60243568 23609316 10493831 10134115 14657005 22218893 8582215 58278269 514128 52348915 86407323 10565276 3859574 3651271 46391258 34580039 43809909 10649237 25153288 60373192 44638705 15409887 1641684 30247338 12642616 20522068 4450033 47341948 22998340 12751524 10994249 10370632 25950560 13243896 11453726 75523404 59071408 79867739 6737576 31534853 19251391 23812288 21835954 11884709 65187339 31485026 7727822 127338624 7797158 18481698 8734879 50612659 4911435 7590338 19288433 33821327 14029173 4414242 48316698 44573994 41901276 65760720 61560173 57118894 44539931 36442441 19042281 230729 23780590 1530477 46468038 29075931 24375973 33734184 94411635 17391524 9674287 10505059 47909979 19123433 23028410 26032187 47119503 525304 98479 37464974 7956546 31757549 624996 3734865 46776882 50529383 67413789 5969938 52267391 39989206 11270978 30586562 5789509 98408420 19239628 109648018 88324592 27163352 13288898 19302769 15022866 4851042 136485356 5586972 6020333 333147 45821498 4361437 7195138
7825102 156137846 13184479 31312792 83379810 7270023 67126769 134576869 13863367 74719064 29120650 30290712 978533 30429834 7297121 40743048 70817828 21040367 19255214 2452972 133393885 16984604 16866248 129040121 10565276 152071517 3651271 55945292 132894600 87082570 49586604 41013572 48336600 48245695 33823355 74375532 87890603 12642616 64356136 41776538 9018652 18663644 36214858 10994249 58488048 172132547 15681294 38117314 161185336 67749763 50762164 23627116 23157198 12990612 15703943 42996481 33015699 65187339 2595534 14333510 11719547 42174840 72958476 1076194 260142933 239945094 105564377 1214311 34358052 14029173 90956381 23979894 27024264 81564819 66999989 57648898 179379214 5633211 46942287 19042281 103815191 65088001 1530477 21279052 148615901 63359648 44923195 122026186 17297688 31631278 10505059 4630572 16873721 26403717 16993970 11047387 525304 57081392 93765590 272142934 107292353 53533371 3734865 113651787 11962605 188760418 107133845 128093042 39989206 56973775 12824941 14354011 296455394 116570558 127773091 1430948 16492813 20687292 101743876 17481623 5628995 33183095 73033190 9936774 333147 73991092 5651990 94807891
5876842 60846274 13184479 10127688 1697416 4642707 9658563 7752961 4625899 47536099 78593806 254284830 978533 10000742 70121820 97865298 8323503 18502248 30881930 2452972 12527733 514128 52348915 4017642 7880079 3859574 3651271 74111278 34580039 40253184 49586604 53574343 18916988 44638705 33823355 38502727 30247338 12642616 91444066 1548359 8666279 18663644 162112014 10994249 10370632 22395575 22831961 73582193 4125588 34403146 1213363 69986434 15999458 39235114 14504135 56647704 4725462 42245718 1917696 7727822 127338624 7797158 18481698 639744 28953580 23289999 7590338 1726340 34358052 14029173 7624649 43959696 27024264 1593635 3630710 51423547 57118894 41189854 46942287 19042281 230729 120145852 1530477 57931050 29075931 6810476 45893232 94411635 17391524 31631278 10505059 38107613 16873721 26403717 26032187 44649845 525304 33666844 66156252 77231296 61108067 53533371 3734865 113651787 50679498 52826067 36218127 46254594 17106983 68070395 80508279 11846597 96071783 19239628 10272036 12324686 16492813 28639394 19302769 15022866 4851042 34591551 37553758 136507251 333147 30262558 4361437 7195138
25307057 231972810 81099662 81152968 125816887 35655145 192841111 21861454 140976136 235730239 96537563 184626256 79197516 2507509 185660087 104747425 8323503 21040367 22218893 2452972 248253159 43575058 26202121 27573323 169512872 250664574 3651271 74111278 20790102 68155280 131192657 114314064 6919521 89659124 33823355 162530585 87890603 12642616 20522068 41776538 88399414 22998340 37458697 10994249 58488048 301642388 35594242 22823456 168456209 95211786 50762164 6737576 31534853 73691248 19197210 159768576 177951853 95745247 426649275 25135066 136033854 211497707 72958476 639744 24205454 395268751 182453123 185672919 93132742 14029173 88368610 61803817 44573994 266554708 99847031 61560173 22681292 57001644 46942287 127802851 620003541 65387561 1530477 46468038 6558744 34164510 140174993 157582637 40476885 68320712 10505059 23273706 52130229 391812164 7973514 148322301 525304 250905715 131482089 131009896 106018825 132820310 30068325 284959114 44750856 52826067 152276919 213234362 46320946 380717266 86030890 14354011 448826342 122082491 161893135 72133188 27163352 313268636 284067280 49883072 116331093 216745340 37292664 136507251 41866856 73991092 51647069 497613885
127012580 9450473 112358089 81152968 1868056 12745232 144688118 48451153 96457424 15916153 96537563 69975359 378613929 214988170 255015176 142713001 156975045 21040367 19870032 117433863 5492515 113149694 5214486 86407323 44029449 144556977 64091736 6784298 85347906 91804719 41080577 129034955 48336600 70647555 41737954 34661865 214257114 12642616 82664474 93041199 77390716 49685976 227001007 10994249 58488048 349820710 85853728 95616606 168456209 40619923 141934623 233722668 31534853 7308464 16172953 68462468 6257252 65187339 129553852 71437802 30700059 123648894 38858434 18422277 163213996 37029247 107218984 103711349 6453246 47859585 90956381 146037518 29734872 137005738 79439321 79965077 31139230 15541717 46942287 19042281 22273856 65387561 25516693 73190998 224825434 27963670 34076539 26553776 278661293 9547829 10505059 29060417 14326384 26403717 40935460 75315561 525304 66810352 236878830 45228631 106933974 132820310 81039691 130134595 44750856 190855720 143107414 45897646 105847073 69184166 8553702 123938588 335109602 48472190 131077389 56032908 27163352 33196341 15375035 124730555 116331093 98463152 219852705 210678833 477981868 69716241 141612056 94807891
32184365 330576719 81099662 81152968 141792690 27688260 192841111 162258233 217059630 140516216 96537563 254284830 52820306 60243568 185660087 13972055 537163418 139423600 495536 2452972 248253159 112664305 377605013 216789262 142321601 62661659 3651271 38230921 119619918 91804719 110761039 118950136 154907619 70710446 33823355 143429323 87890603 12642616 91444066 41776538 88399414 22998340 167648553 10994249 58488048 265085659 35594242 211654431 276799862 12631220 294780107 69986434 31534853 39577930 181990782 56647704 330462001 173729340 426649275 25135066 136033854 123648894 18481698 18422277 209673289 288805913 105564377 40073835 76720517 94454818 360216883 400175582 52119408 260349090 225398724 61560173 255623906 15541717 46942287 19042281 22273856 120145852 553240444 46468038 162497309 797470799 124627067 169561454 73523564 189969156 10505059 41296607 141673470 26403717 178153040 381775497 525304 66810352 126360695 23843410 75917444 132820310 310903780 664648240 63355576 115105956 152276919 633026153 105847073 280972808 30586562 210737662 448826342 122082491 66255874 21387579 27163352 502030057 284067280 124730555 116331093 283395008 111758508 873155 79634914 73991092 300945426 7195138
37072063 156403554 81099662 150600601 141792690 92313303 192841111 134576869 217059630 53515098 96537563 20558773 52820306 60243568 67154339 134433718 106086127 496628 495536 2452972 73697246 36475129 18035788 246046729 251593027 100868455 3651271 38230921 546435191 84643977 131192657 55717413 48336600 89659124 33823355 143429323 87890603 12642616 56767863 41776538 85036013 22998340 106529416 10994249 47232915 208200375 35594242 105329132 42758809 12631220 294780107 69986434 31534853 63690907 134696960 159768576 61885293 8592456 109522322 25135066 42175051 123648894 35458146 639744 1995120 288805913 424822215 1726340 74868466 87249570 164519841 183789940 4233421 266554708 153311199 61560173 410346012 57001644 46942287 19042281 30791021 648153235 56669213 46468038 33329241 34164510 534629456 122026186 39575588 189969156 71946918 5018778 42398318 26403717 258863398 88147704 525304 129838026 147583479 63807760 13155642 69091800 58114695 374736642 50679498 58806719 152276919 79745773 105847073 198274356 152786592 11964131 112429538 122082491 203674168 211603561 5004453 80463974 12014441 257565212 112596107 388190032 79602787 7383109 41866856 73991092 220220646 16113162
25307057 49308599 161087982 55657733 125816887 12745232 4574109 168918475 2335064 74719064 123417832 183206569 79197516 178315170 97401798 10493831 8323503 21040367 19870032 24463862 198509097 62445198 162746645 70823535 2410503 107719224 58305778 46391258 34580039 91804719 49586604 68925280 18916988 44638705 4134210 32556167 229346179 168248190 23698081 21510207 88399414 49685976 73746094 10994249 121619452 22395575 122368327 94669343 26113853 105250558 1213363 23627116 31534853 12292136 14504135 56647704 37961991 65187339 37450946 228123249 11719547 123648894 18481698 18422277 172138917 104347228 36345193 40795375 6453246 41380539 90956381 73481097 27024264 9990529 34736415 74610261 23512380 10001869 35208246 19042281 73136182 194899492 25516693 73190998 134363995 6810476 34076539 97365970 143970406 324900962 10505059 110002182 16873721 26403717 23940823 39468548 525304 22913937 18519920 428031398 75917444 69783323 46436177 113651787 50679498 301432268 103061330 13775772 30913729 80274373 141763510 11846597 11581792 96917964 121927977 79354060 17260024 24270063 56035551 49883072 116331093 98463152 83500532 9936774 41866856 149117431 157058119 7195138
21322280 83321112 13184479 10127688 70624302 7270023 9658563 32222110 56920750 15916153 5386105 3246867 978533 46633980 41152612 38812634 16853472 30999781 30881930 2452972 24192705 103779680 33231916 11720078 7880079 19049009 3651271 38439432 27767680 5704440 131192657 30547793 26665156 44638705 33823355 29117489 42541170 12642616 2436408 1548359 4864238 18685125 3782314 10994249 10370632 160475049 12519816 63329124 116365118 57478426 1213363 2763495 15999458 12990612 15703943 42996481 35817613 65187339 16845068 7727822 11719547 48709428 18481698 639744 28953580 47689911 15569611 1726340 16285441 14029173 7624649 21408447 44573994 92798575 65760720 31675416 5292178 31932089 13914220 1891760 18631035 23780590 1530477 46468038 17831195 2319043 50438786 22860264 17297688 10947694 10505059 4630572 52130229 26403717 16993970 11047387 525304 43637846 5141649 34182890 24127184 55310786 3734865 168839579 50679498 75300807 5969938 25348046 2737084 45996548 42391211 14354011 6407137 65448246 40951625 10651469 17260024 11020921 99362701 17481623 44584326 27802395 21252916 15494163 333147 46058541 7424833 7195138
25307057 84466340 25981485 81152968 61307765 12745232 4574109 7752961 4625899 27470127 5861319 136129608 978533 2507509 18870376 130863230 16853472 14928827 22218893 33768559 12598619 62445198 26202121 30300967 10565276 22655523 3651271 74111278 34580039 38701711 49586604 18448384 6919521 44638705 9709610 37885013 49815654 2564115 20522068 11720416 4770683 39682450 37458697 10994249 14182174 25950560 29442225 19582265 4125588 89130539 18646979 6737576 31534853 73691248 99573122 56647704 175665615 24579468 47052399 14333510 11719547 7797158 18481698 639744 54499212 14953226 54213707 1214311 13103779 14029173 9647442 24885803 29843332 27071476 14849967 27613905 54557916 21163886 46942287 19042281 104240230 23780590 818301 15599836 29075931 34164510 19327565 94187914 38042837 114795758 10505059 41296607 268884 26403717 26032187 7587559 525304 126975726 25012088 32585371 75917444 128279081 3734865 107739400 33977065 52826067 102388412 21896849 30913729 45996548 38865723 14354011 31595490 122082491 154890939 13851314 9865036 10140183 26402681 64698807 4851042 83814782 26543951 15494163 33575358 924313 51647069 7195138
25307057 100384027 81099662 10127688 25977614 12745232 21734798 21861454 66191506 40510848 9489510 63726466 30437969 2507509 7297121 25028522 41431452 14928827 4898561 2452972 32608266 17699290 26202121 27573323 2410503 70479450 3651271 53564187 124574701 36694410 13114206 60874180 6919521 44638705 15409887 32556167 531394 2564115 20522068 21510207 45772496 1149973 32403943 10994249 14182174 25950560 10155181 88329658 19102632 2649287 18646979 6737576 15999458 5058094 77475343 56647704 11884709 24579468 12132222 7727822 30700059 7797158 14563262 639744 28953580 6933146 12671820 1726340 17630691 7336867 8069440 6275280 4680196 33075260 34736415 34966892 1690610 39970985 18097847 19042281 64676538 23780590 1530477 35534855 28613145 34164510 6992744 42239719 1415293 7251856 10505059 15349394 16873721 26403717 23128318 44649845 525304 35855540 9128698 17509633 73534345 14089506 30068325 32825289 3762421 11897803 5969938 13429179 17106983 17464270 51139141 14354011 47978083 15246874 119962621 13851314 58694447 10140183 26402681 50069796 8179792 65113446 26543951 29857854 41866856 60001455 14502428 7195138
25307057 51666713 13184479 25716779 1868056 12745232 17968304 7752961 4625899 11055701 15479950 20752637 978533 2507509 70121820 27628122 33948655 21040367 3942631 38612559 50053353 62445198 26202121 7876632 10565276 2470502 3651271 74111278 56777390 51446324 43001263 45553747 6919521 34187238 9709610 77467168 23836715 2564115 20522068 21510207 24095429 22998340 37458697 10994249 11139440 56507072 22831961 11453726 4019398 7881288 50762164 6737576 15999458 28936908 34036193 101438736 37961991 65187339 65437916 7727822 11926206 7797158 48466603 639744 7198878 7663900 12671820 1726340 1159000 7336867 25177717 27438572 4680196 1593635 2340465 53199481 17119519 39517679 46942287 19042281 5773856 6482306 1530477 20506539 29075931 24375973 75167144 54114276 7911947 4955074 10505059 41296607 51940969 26403717 26032187 7587559 525304 35855540 9128698 32585371 73534345 53533371 3734865 32825289 3762421 52826067 26883482 13775772 17106983 32567995 8263329 14354011 25740644 5566258 212160730 26560855 17260024 10140183 33168778 26070201 8179792 33183095 37292664 11227372 333147 30262558 12400492 17297813
28524754 191314199 13184479 10127688 70972886 12745232 192841111 57256952 56920750 42287965 86101458 3246867 5721188 46633980 45618663 14137725 9517504 194435550 4583727 12624247 21689838 46249208 49681799 22023736 10565276 19049009 3651271 2803277 34580039 91804719 49586604 79721145 54332702 89659124 21256902 15454990 42541170 12642616 91444066 12902880 8693608 22998340 12310396 10994249 10370632 18290164 22831961 88329658 58846292 95211786 79250958 36819061 8032091 12990612 354439 56647704 37961991 65187339 16845068 25135066 16212043 7797158 18481698 639744 28953580 7663900 15569611 82595323 26566166 14029173 4414242 21408447 18629517 81564819 13435335 61560173 112853756 35719603 24773281 19042281 80967414 50300872 1530477 36235947 17831195 15769685 192456386 99381538 70065043 31631278 10505059 74208780 19123433 26403717 26032187 31642448 525304 43637846 5141649 45586308 61108067 53533371 117880895 60806267 50679498 67413789 83021782 21896849 14351731 45996548 8263329 14354011 43491686 5566258 26057859 27413948 17260024 24270063 11591887 26070201 39462915 33183095 52182823 164376325 333147 147039612 128134414 7195138
11277460 118902555 1494278 11785676 12117371 12745232 20589325 134576869 4625899 53515098 96537563 12963051 55918317 40897245 70121820 104747425 92975236 44193503 116421960 117433863 181886371 16730249 8936254 4017642 96837987 211113985 3651271 42465004 164123967 15968279 107621047 129034955 42076312 89659124 15409887 26295976 157118299 12642616 91444066 24506221 8666279 22998340 227001007 10994249 58488048 25950560 35594242 45119693 46674701 70215624 21442131 69986434 31534853 5379594 87512390 143804762 155926310 65187339 48281292 25135066 5917412 23506131 47706506 18422277 1995120 142922228 56729395 1726340 3351193 14029173 55017059 61803817 44573994 32719423 14849967 61560173 99178107 41189854 46942287 2564538 63364378 41529720 1530477 46468038 29075931 3019997 75167144 104083857 273233307 153910495 10505059 5018778 24835556 26403717 99886459 5388347 525304 274110566 170075 29812689 83599541 69091800 127817669 65332973 46775962 52826067 152276919 79227272 42740307 94674512 152786592 14354011 20069984 21553205 85050080 31766385 27163352 3687058 284067280 71015624 116331093 44349684 52182823 101529862 28117407 924313 51647069 18302090
7802148 118902555 1494278 31312792 489746 12745232 20589325 96929898 4625899 53515098 55010224 12963051 15015929 744636 70121820 104747425 10134115 33129684 55868886 2452972 87976341 16730249 8936254 4017642 94306071 12761519 3651271 38230921 23909840 15968279 33716111 73081062 54332702 58495579 15409887 26295976 531394 19309233 42629672 24506221 8666279 22998340 143479835 10994249 58488048 25950560 22831961 11453726 46674701 48286807 50762164 39061245 31534853 5379594 77475343 56647704 90141975 5566806 48281292 25135066 5917412 7797158 18481698 639744 1995120 63665975 56729395 1726340 34358052 14029173 89636330 61803817 29843332 32719423 29208139 61560173 60474860 18217551 46942287 2564538 63364378 41529720 1530477 46468038 29075931 3019997 71774954 122026186 128329548 31631278 10505059 5018778 24835556 26403717 26032187 4812103 525304 70843466 170075 29812689 73534345 38427690 127817669 32825289 46775962 55021664 70763181 79227272 10609440 45996548 38865723 14354011 189050471 21553205 85050080 31766385 5004453 3687058 26402681 73748548 116331093 33183095 89728811 164376325 333147 60001455 75682362 7195138
25307057 167888732 55637902 10127688 62307309 12745232 24667844 25101055 103058441 63433455 2040161 69975359 79197516 60243568 157218086 51235118 164177729 14928827 58431295 117433863 31642479 91858196 23128378 92115156 43357195 14684422 3651271 41984871 23909840 46729682 131192657 73081062 138227445 2265517 33823355 30532582 28521689 12543763 897633 41776538 88399414 22998340 75957294 10994249 55250810 83457296 1295398 88329658 12551448 95211786 50762164 61936057 31534853 126725316 150686984 7570115 100530778 65187339 55562304 123663484 65413674 123648894 79527872 16526123 65512194 47689911 36345193 189344520 1159000 14029173 55017059 61803817 118463117 115409823 9926118 25754237 54614910 41189854 46942287 19042281 43427074 116535000 1530477 1674076 111736921 20754028 57131852 122026186 96416604 74075052 10505059 47909979 52130229 26403717 23940823 7587559 525304 3406297 205191798 32585371 26128484 88356753 88946571 3136695 63355576 24783028 70763181 52267391 45291312 149729746 59080319 14354011 124805475 95693583 145917063 158099753 76474386 10140183 26402681 57614512 68779287 79154688 69590956 112841428 62552976 74209826 128134414 94807891
