25307057 100384027 85449535 6660046 12117371 3766471 4574109 76417199 66191506 47536099 96537563 81566808 15015929 40897245 89770486 169317088 16853472 21040367 27262584 84270909 7327030 16730249 4212015 4017642 10565276 138098369 3651271 74111278 23909840 15968279 49586604 73081062 10794924 23358658 15409887 26295976 111595979 12642616 7176766 1548359 8666279 49685976 162112014 3333704 14182174 25950560 5742133 128880397 96981410 70215624 50762164 23627116 15999458 31391330 79152063 100199487 92934701 65187339 109522322 45258848 11719547 7797158 47706506 639744 7198878 23289999 15569611 1726340 16667829 14029173 90956381 14483268 70466552 32719423 52848366 72801512 98843825 55707785 1889812 2065029 48924105 23780590 1530477 57244154 134048729 20754028 124627067 26553776 73523564 10947694 10505059 41296607 14326384 26403717 26032187 5388347 525304 82531548 170075 29812689 83599541 64539980 127817669 65332973 103713283 67413789 152276919 64239091 17106983 129332068 87345587 14354011 42924387 56638720 85050080 10651469 9353080 3687058 143681377 71015624 4851042 10486447 52182823 15494163 28117407 160678947 89165522 18302090
6036591 188807204 85449535 81152968 37371941 12745232 163651073 7752961 103058441 74719064 96537563 168012045 9321392 60243568 185660087 58393228 32668428 21040367 37777653 24611985 226429656 62445198 127394864 27573323 10565276 306820736 3651271 69006026 132894600 36694410 58043345 68925280 48336600 89659124 9709610 15454990 30247338 12642616 22888321 35698510 88399414 18685125 70988958 10994249 58488048 83457296 35594242 88329658 32320992 47111162 92394622 23627116 31534853 126725316 14504135 159768576 238940689 65187339 78386880 25135066 11719547 104781942 6024264 18422277 46820269 7663900 12671820 98650924 34358052 47859585 22520763 27438572 160986888 99212378 13435335 61560173 33366238 57001644 46942287 8287626 8472186 242414170 25516693 35534855 25390362 27963670 6992744 42239719 70065043 40243560 10505059 47909979 128098655 26403717 23078932 47119503 525304 138748878 84866263 32585371 33650224 51653638 46436177 261213373 63355576 69370479 136925364 322342845 39169694 71822832 126160143 11846597 81081698 122082491 138107944 13851314 27163352 10140183 19411598 90489194 86908753 95990051 76496153 9936774 79634914 39845646 74441180 25166450
7802148 6659246 1012722 9385320 489746 4070711 9658563 9365538 22383659 6196322 25791193 21263790 978533 2507509 79876633 5442019 17850066 14928827 495536 2452972 5492515 78602317 26202121 27573323 2123144 6622746 3651271 3882760 8961921 18100146 5804463 3278712 6919521 2266595 15409887 13820506 9965949 12543763 16707827 21510207 5403292 22998340 28108928 1304720 8887445 21443429 9519072 24434067 12551448 2649287 7385493 363013 31534853 477141 22373149 11134371 11030589 29608717 10605280 7727822 37910934 7797158 10212895 639744 36344307 6396793 30049174 1726340 1159000 3323414 4403816 14483268 11276713 8157913 9926118 604362 13490318 41189854 23683780 3440778 11050417 6048252 818301 6311735 22882906 12213438 51718350 20997276 7201180 31631278 10505059 16623452 26974201 20799026 3668424 26516015 525304 3406297 5674310 5408768 24071201 44450792 3734865 3136695 1497278 25436767 12025196 13429179 6312650 13444065 4071763 14354011 11195623 68780741 44048926 26560855 9865036 10140183 8002705 10963748 43588931 26914086 37292664 9936774 333147 5603856 27926507 1301540
7802148 172144750 85449535 10127688 30085570 12745232 59826310 9365538 19162425 42287965 23260126 139299112 8769601 60243568 11329306 104747425 44922830 14928827 28178530 1642549 45414673 15212389 5214486 27573323 5117578 12761519 1328245 19172296 81490638 19084987 33716111 41013572 60373192 23358658 15409887 34661865 19402487 12543763 7176766 21510207 4770683 22998340 21890520 10994249 58488048 25950560 22831961 76861840 142813212 67749763 7385493 363013 31534853 1961036 27592509 101438736 107549332 63168311 107393424 7727822 131895 22378755 79527872 639744 30588125 1431559 91758329 1726340 16667829 5030820 4435764 37049126 29734872 25328516 52848366 19045825 14233874 57001644 46942287 19042281 80967414 120145852 25516693 46468038 17831195 63827463 124347331 103173250 68192863 32015151 10505059 29060417 135577417 4463074 43085331 69768080 525304 43637846 60553761 657041 75917444 36950143 42855794 41516428 11962605 115105956 48468141 45450446 10878302 72508622 28341236 56400233 21140199 122082491 96463255 5189076 19717687 10140183 26402681 72096479 4851042 20815462 73033190 83861697 2878950 74209826 58055608 7810179
32184365 22236352 1012722 6660046 1868056 12745232 4574109 9365538 22383659 15916153 25791193 21263790 978533 60243568 97401798 95262415 16853472 14928827 324371 2452972 37154168 1967161 44717486 22676280 7880079 24403809 3651271 2803277 8961921 830100 5804463 3278712 9555136 58495579 15409887 32556167 42541170 12543763 20522068 12833290 9018652 18685125 318750 10994249 8887445 18778131 5742133 17313857 12551448 2649287 50352202 6737576 23157198 19251391 14504135 56647704 98869419 65187339 26889552 1108540 16212043 7797158 12245466 639744 36344307 6426421 36345193 1726340 1159000 14029173 4403816 14483268 11276713 92798575 9926118 27613905 17119519 11176616 13914220 3440778 4855817 21205984 818301 6311735 3546525 12213438 15245144 20997276 9084765 6255539 55295235 32232213 16873721 20799026 24965685 26516015 525304 7065169 26614755 5408768 24955412 88356753 3734865 3136695 35835400 67413789 36218127 13429179 10878302 133992202 8263329 11846597 9863908 95693583 10272036 12324686 9865036 10140183 8002705 26070201 39462915 16419135 37292664 9936774 333147 60810666 41760103 1301540
25307057 50678961 8095365 24160978 1868056 12745232 45855789 17117407 24964722 29667783 69977965 38753552 34347028 2114491 18870376 42933848 3981988 21040367 42547058 2452972 91779490 4746177 1995183 4907306 442167 24338245 1328245 38439432 105699780 48551330 131192657 111458816 48336600 89659124 15409887 34661865 8188398 12642616 47801243 24084050 66337438 22998340 5235585 10994249 58488048 25950560 33419085 10597948 12551448 4660124 33704255 26176089 31534853 28704027 95912 68462468 58023042 65187339 53689069 25135066 41400192 7797158 49172790 639744 17609717 36720293 20026942 1726340 34358052 14029173 15568912 4867194 27024264 15732456 9926118 36693107 6392827 41189854 2481391 19042281 35176429 17715920 1530477 36235947 44901213 34164510 14443045 104083857 53130299 1398102 10505059 4105657 6327103 4363971 23128318 47119503 525304 6999665 13824935 5935994 42857750 9305405 39651909 3136695 11962605 56141559 26883482 4863483 5054040 65293302 54744348 808716 11581792 73485683 118974943 26560855 27163352 29444054 44717771 5691197 55835521 16419135 82319401 13790828 41866856 924313 41760103 16613585
25307057 97213123 13184479 81152968 1868056 12745232 48757936 21861454 56920750 53515098 96537563 65906432 34347028 60243568 34711656 148410436 33948655 147145438 22218893 2452972 50053353 15075020 116940330 11342137 9685356 107719224 3651271 38230921 145278084 91804719 32646360 99528481 60857595 73375370 4134210 37885013 42541170 12642616 20522068 41776538 88399414 22998340 37458697 10994249 58488048 25594832 22831961 59915236 161185336 95211786 1213363 6737576 15999458 19251391 95912 56647704 226578215 44862946 81174092 7727822 28604871 37026474 18481698 639744 28953580 119753178 15569611 1726340 34358052 7336867 65117629 49624994 27024264 1137316 124983132 27613905 71787010 10001869 46942287 19042281 67827096 364257839 1530477 46468038 50683801 6810476 207060189 122026186 187217308 31631278 10505059 47909979 16873721 26403717 35532569 39928050 525304 301269931 83741709 45228631 106018825 1612961 30068325 130134595 50679498 81831463 102388412 321838190 17106983 76984717 17159682 14354011 21140199 96917964 251819665 26560855 27163352 70328911 44717771 5691197 5456287 54308798 37292664 112841428 333147 73991092 55034387 7195138
25307057 50678961 8095365 4639359 1868056 12745232 63025095 41336724 42014630 27470127 79168435 106243719 978533 58385386 97401798 73291526 33948655 21040367 23176980 2452972 91779490 62445198 1995183 27573323 10565276 47865033 3651271 75150734 18562786 38701711 49586604 83195238 48336600 44638705 15409887 19523514 10829913 35954329 73945828 1548359 20105540 22998340 5235585 10994249 58488048 25950560 22831961 35729452 29132887 17685996 33704255 5041457 1704005 28704027 18828718 68462468 43725430 24579468 109522322 14333510 11719547 7797158 13502449 639744 96844878 6426421 163245690 1214311 34358052 14029173 15568912 1127723 27024264 92798575 14849967 74763039 8288111 55909980 49021826 19042281 35176429 17715920 1530477 25979847 78942875 62695829 59369829 16688503 73523564 1398102 10505059 41296607 4453606 19041932 23128318 32655455 525304 189856035 88141859 5935994 27760642 4281299 3734865 88483487 5996934 67413789 70763181 4863483 12138914 76833131 14291753 808716 31595490 56638720 118974943 13651622 11205519 15060659 8002705 45474480 4121463 33183095 26543951 10371516 333147 924313 100354209 8409137
5876842 522476 13184479 2969361 88595437 12745232 4574109 41336724 8868214 15916153 3077042 27639137 4829201 38843218 7297121 14137725 29576349 15767900 324371 14879809 45830718 40431069 37173556 11720078 2410503 12761519 3651271 38439432 5309122 830100 42422844 20611320 34397746 44638705 33823355 32556167 531394 12642616 7176766 12833290 6868179 22998340 2634144 10994249 10370632 18290164 10155181 26096331 17057576 33921680 79867739 23627116 1704005 566964 1913379 10238173 1549480 65187339 2595534 7727822 11719547 42174840 38858434 18422277 46820269 10394921 12671820 1726340 7769946 14029173 47254365 1127723 5460437 55589323 30208762 604362 23512380 35719603 29808812 19042281 230729 50300872 1530477 3817576 9615384 24375973 34423398 32381078 24262545 10947694 10505059 11695249 8181043 10780354 32907912 25947668 525304 5680857 18519920 657041 61108067 93819976 81039691 25629198 5996934 75300807 32998677 21896849 30913729 18002778 12557386 14354011 100634087 5566258 46721059 618915 5404661 11909961 9701078 15022866 75736038 33183095 64592319 4429433 333147 73534332 75682362 7810179
177203 60846274 13184479 10127688 614432 12745232 4574109 25101055 24514381 74719064 78593806 122994957 978533 60243568 45618663 12847317 34872738 21040367 495536 2452972 10006387 46249208 52348915 27573323 10565276 24403809 3651271 4067147 27767680 91804719 49586604 85151647 34397746 44638705 16543768 48022234 42541170 119300057 73092224 12833290 49431367 22998340 36275927 10994249 10370632 18290164 22831961 475855 5410629 5237479 49794506 9575449 8032091 12292136 77475343 101438736 130714 65187339 4190258 25135066 16212043 22378755 72958476 18422277 80868803 10394921 36345193 200463560 16285441 9182195 40051386 45915216 27024264 48598033 9926118 36693107 57118894 57001644 46942287 19042281 230729 92842395 1530477 8785340 195623065 84706085 34076539 94411635 54592843 21117121 10505059 49123427 16873721 7421526 17842043 12289620 525304 43637846 66156252 34182890 26128484 106984172 3734865 3136695 63355576 31160684 42959440 13775772 30913729 59083410 59080319 14354011 124805475 19239628 46721059 8477236 30410173 15060659 9701078 72096479 4851042 33183095 89728811 111623653 333147 381830 69179207 17297813
23339507 60846274 13184479 7151011 9033075 12745232 4574109 41336724 42014630 42287965 78593806 68367056 978533 60243568 97401798 14137725 8323503 21040367 3942631 6260219 21689838 15212389 1995183 22676280 10565276 32043842 3651271 38439432 23909840 38701711 39673243 41013572 18916988 34187238 15409887 15454990 42541170 12642616 2648421 1548359 9018652 18685125 38836354 1178131 14182174 25950560 9519072 53239987 24912182 17685996 1213363 23627116 1704005 19251391 23812288 60066546 37961991 5566806 2595534 7727822 11719547 7797158 37677932 639744 28953580 8304383 12671820 1726340 1159000 14029173 7624649 1127723 27024264 17116841 13435335 27613905 56218959 11176616 13914220 19042281 73136182 50300872 1530477 54532440 3546525 1351402 34423398 95931257 38042837 495030 10505059 38107613 4453606 7949842 19975656 35409055 525304 43637846 26614755 26295262 14547779 1612961 3734865 17559091 5996934 56141559 12025196 21896849 17106983 18002778 4071763 808716 31595490 19239628 34819784 18196373 17260024 20687292 44206128 49883072 80598573 33183095 73033190 9936774 333147 924313 128134414 9496199
21322280 40067993 13184479 25716779 1697416 12745232 27886755 21861454 42014630 53515098 78593806 72209866 978533 2507509 105180287 40743048 8323503 105717082 22218893 2452972 50053353 112664305 26202121 2215595 23574465 3859574 3651271 74111278 34580039 91804719 49586604 16935723 6919521 35634218 15409887 155836039 42541170 12642616 20522068 21510207 48060875 18685125 19154957 10994249 58488048 25950560 22831961 3761101 116365118 60884240 1213363 6737576 15999458 31391330 19197210 88989564 11884709 65187339 109522322 7727822 11719547 48709428 48466603 639744 28953580 75280922 7590338 1726340 26566166 14029173 65688954 49118968 44573994 18739391 34509554 76865966 24838795 18217551 34429946 19042281 70069639 17715920 1530477 73190998 6558744 6810476 4605918 94411635 17391524 31631278 10505059 41296607 19123433 26403717 54522347 70248969 525304 53269324 26614755 131009896 106018825 1612961 3734865 69525999 50679498 52826067 103061330 72616918 17106983 45996548 86030890 14354011 41657191 9458629 109648018 41358386 27163352 13288898 19302769 15022866 39743243 27802395 37292664 15494163 333147 46058541 4361437 20306587
25307057 71266390 13184479 81152968 188264811 12745232 42820937 21861454 56920750 74719064 80314200 72209866 79197516 2507509 157226607 43215561 161290078 21040367 22218893 38612559 248253159 28908121 26202121 107285926 10565276 144556977 3651271 74111278 26497743 38701711 131192657 85151647 6919521 89659124 33823355 228807869 42541170 12642616 20522068 41776538 73606320 22998340 21902027 10994249 58488048 41301736 22831961 26096331 39446 88941641 50762164 6737576 31534853 12292136 19197210 68462468 130950857 21303490 5013692 25135066 86184462 7797158 32128614 18422277 50002926 48348023 68285057 220409905 34358052 14029173 66504253 61803817 2785921 241469962 153311199 61560173 24838795 57001644 46942287 19042281 80967414 61811416 1530477 3817576 6558744 34164510 93505190 122026186 143970406 31631278 10505059 47909979 52130229 26403717 26032187 35740991 525304 161328110 131482089 30479784 75917444 132820310 30068325 232605239 50679498 52826067 135749155 13775772 105847073 56973775 65117761 14354011 79524838 122082491 96396043 60034270 27163352 33459626 8002705 40475912 82575725 248061121 37292664 9936774 333147 15408004 51647069 17297813
25307057 55155472 50270615 25716779 127849478 12745232 4574109 32222110 13863367 15916153 61761777 69975359 4829201 46982776 91435830 98986852 60370771 53628680 495536 2452972 81703967 46249208 9023963 22676280 10565276 107719224 3651271 42856167 34580039 46729682 49586604 11121875 93498937 33828492 15409887 92765227 531394 12642616 25748146 12902880 88399414 949181 14876744 10994249 31472737 18290164 15681294 94669343 161185336 12631220 66897531 69986434 1704005 19251391 14504135 18489150 216901507 24579468 2595534 6171101 75805475 42174840 18481698 639744 66464428 47689911 33048166 1726340 7769946 7336867 9647442 1127723 27024264 99212378 53854563 6357009 23512380 15541717 46942287 19042281 22273856 23780590 25516693 17392088 17831195 24375973 5401967 98350837 73523564 21447980 10505059 36396772 16873721 2526982 20413035 7587559 525304 25612711 147583479 111607558 53684055 53533371 46436177 76939731 5996934 81831463 103061330 31913017 30913729 45996548 128585748 11846597 116309472 19239628 19590973 18196373 27163352 20687292 29354803 71015624 72911432 6850379 17978247 61325998 1406877 73991092 5651990 7195138
25307057 20916473 13184479 81152968 1868056 12745232 42820937 40805398 56920750 15916153 96537563 20752637 79197516 38843218 121470719 134433718 3548436 53628680 30881930 2452972 51866614 3282488 181192175 35950919 2410503 144556977 3651271 59917081 60029931 38701711 43001263 840480 13922292 987119 4134210 32556167 30247338 12642616 19277332 21510207 88399414 18663644 16417513 10994249 14182174 25594832 22831961 26096331 26194302 95211786 1213363 10479783 31534853 12292136 71922834 68462468 59362181 65187339 76668448 7727822 28604871 7797158 38858434 639744 307299131 42222462 47019403 118216132 7769946 14029173 64687334 73481097 44573994 9990529 34736415 61560173 23512380 10001869 35208246 19042281 19247202 66024841 1530477 3817576 135106014 6810476 37451970 94187914 93851197 31631278 10505059 47909979 51940969 20743087 26032187 39468548 525304 98479 18519920 34182890 26128484 53533371 81039691 32825289 50679498 67413789 46957258 13775772 102245398 40934766 61520155 14354011 100634087 84517776 131753558 165443117 7603965 33196341 156417400 73748548 116331093 364955978 136601623 116589305 333147 60001455 128134414 17297813
11747663 80770947 25981485 10127688 128249512 12745232 121759699 134576869 19162425 12466007 24464597 69975359 978533 60243568 114166237 124619163 13032038 21040367 2277172 62429884 50053353 91237114 2316853 100851955 25746588 40984347 3651271 74111278 11561805 48551330 34640093 129034955 33332974 63845502 15409887 15454990 42541170 12642616 47801243 1548359 20105540 6178871 4327029 10994249 58488048 25950560 22831961 38117314 158820909 6851675 31540129 18658468 15999458 12292136 77475343 68462468 120254902 65187339 68542848 1108540 28604871 37026474 47706506 639744 28953580 36720293 15569611 1214311 2473688 14029173 4458422 1689832 12602546 56990472 13435335 6313383 71190044 41189854 16825035 1891760 56779516 11854821 1530477 46468038 17697371 18378398 5401967 6708668 38042837 17969640 10505059 19829171 52130229 26403717 101511040 26516015 525304 43637846 8073821 45228631 26128484 64539980 3734865 59212733 44750856 30722801 55734127 41749943 17106983 80274373 87345587 14354011 2607330 16613775 106630785 26560855 27163352 29444054 23542082 71015624 3624144 86643131 129862923 13790828 79634914 634538 128134414 17297813
25307057 22236352 13184479 32018106 53413721 27325 33834704 32222110 56920750 36814707 86101458 151505246 79197516 44272660 89770486 23675529 2729275 18502248 30881930 2452972 31642479 62445198 4212015 44564327 10565276 91002802 3651271 38439432 82808158 91804719 5804463 79721145 10794924 44638705 33823355 15454990 9256830 12982391 47801243 12833290 9018652 22998340 45470041 10994249 8887445 132865817 22831961 36036054 140705999 54761824 28874403 23627116 8032091 6160971 77475343 56647704 58023042 65187339 16845068 31268214 11719547 1818928 18481698 639744 28953580 10394921 15569611 1726340 34358052 7336867 60036345 23979894 29843332 23538606 13435335 95751201 179379214 32702509 2963552 19042281 80967414 17715920 1530477 57244154 14621335 12213438 162678788 106145519 73523564 17969640 10505059 23003252 52130229 26403717 26032187 47119503 525304 87931376 5674310 347123866 61108067 4873719 117880895 66815187 50529383 67413789 5969938 128093042 17106983 68070395 12557386 14354011 86019296 47442142 154890939 41358386 9353080 32119974 9701078 7024962 56752095 59763692 83500532 15494163 333147 73534332 128134414 7195138
