25307057 197073848 63622299 2969361 319156856 12745232 4574109 52972898 53364897 74719064 29120650 183514730 79197516 30429834 46719480 120615632 78523153 14928827 495536 2452972 21689838 62445198 90724116 76134638 10565276 242537342 113431928 42856167 149731336 91804719 49586604 172774322 60857595 44638705 15409887 277250787 87890603 2564115 81871632 94092708 9018652 49685976 162112014 10994249 160504286 25594832 72517572 26096331 158820909 12631220 25215551 74112258 31534853 19251391 130584906 133305037 11884709 8554106 16845068 171567389 86184462 7797158 130489897 639744 50553985 38337157 12671820 228215215 2473688 17097429 89054194 146037518 44573994 9990529 153311199 57648898 15001488 17154875 46942287 12656266 35176429 65088001 25516693 3817576 17697371 34164510 350658583 104899674 40476885 216603690 10505059 62433827 173129790 26403717 26032187 47119503 525304 161328110 43652218 97141871 106018825 53533371 91882594 113651787 50679498 67413789 112873907 64077622 30913729 71822832 141357226 90374370 376801378 7275864 42485265 149477952 20467282 13288898 95904756 124730555 116331093 181717851 135764598 13790828 41866856 73991092 76318501 94807891
17229769 60846274 13184479 19374001 1868056 12745232 27886755 32222110 13863367 8320398 18191171 69975359 978533 60243568 9898393 77197648 33948655 21040367 30881930 2452972 8541531 31721214 137798976 63217320 2410503 61453395 3651271 74111278 87311762 43809909 10649237 25153288 34397746 3291301 33823355 4823059 30247338 12642616 2393946 1548359 20105540 949181 162112014 10994249 10370632 36307259 12519816 68148608 35426548 2442399 31400306 48517708 15999458 12292136 4723165 5881872 11884709 65187339 2595534 7727822 43640130 12716220 18481698 639744 28953580 6551282 15569611 1726340 17630691 14029173 7624649 21408447 4233421 32031199 31759324 61560173 57118894 32279652 35208246 19042281 31056860 23780590 1530477 1791382 33329241 24375973 34423398 94411635 17297688 31631278 10505059 41296607 52130229 26403717 2461488 26516015 525304 22913937 84866263 101090927 14547779 64539980 3734865 53109891 15081183 30748811 26883482 13775772 17106983 68070395 44966366 11846597 4208354 19239628 138107944 26560855 27163352 13288898 99362701 1156880 4851042 17065167 54471104 10275600 333147 36720630 12734128 7195138
25307057 20916473 13184479 512428 1868056 12745232 4574109 761833 13863367 15007056 557576 20752637 978533 38843218 97401798 39867633 3548436 21040367 495536 2452972 50053353 28908121 2316853 22676280 2410503 24403809 3651271 42856167 34580039 38701711 38555877 85151647 18916988 987119 4134210 13820506 11396972 5451089 91444066 21510207 73606320 18663644 5235585 10994249 58488048 25594832 10155181 26096331 12551448 5237479 25215551 10479783 15999458 12292136 77475343 60066546 38937667 65187339 18685279 7727822 11719547 7797158 14563262 18422277 28953580 42222462 15569611 40073835 7769946 14029173 15568912 6275280 25288032 9990529 9926118 27613905 23512380 10001869 35208246 19042281 80967414 61811416 1530477 1674076 20812316 26293371 34076539 16688503 53130299 3420187 10505059 31151434 12746201 20743087 19975656 39468548 525304 22913937 18519920 30479784 26286619 64539980 3734865 3136695 33977065 762590 36218127 13775772 17106983 45996548 59080319 14354011 30555622 96917964 131753558 1430948 7603965 10140183 8002705 1156880 82575725 17065167 52182823 10275600 333147 18314621 5651990 16613585
171136 20916473 13184479 7151011 34546742 12745232 27886755 32222110 21286566 53515098 80314200 20752637 11000139 60243568 95381174 12083846 8323503 21040367 55868886 38612559 143717582 35597783 37173556 27573323 10565276 32043842 3651271 2803277 23909840 91804719 107473606 41013572 18916988 58495579 21256902 15454990 42541170 12642616 91444066 7657799 9018652 22998340 21902027 10994249 14182174 83457296 22831961 25845766 19102632 53774505 41377161 10479783 1704005 12292136 22373149 30560466 59362181 65187339 10146555 25135066 11719547 7797158 18481698 639744 199954404 10394921 21333021 1726340 17630691 14029173 47254365 1127723 40088099 102924736 13435335 53199481 56218959 5633211 23683780 19042281 80967414 50300872 1530477 21017046 67925277 20754028 93505190 59916353 17297688 31631278 3405515 38107613 39599068 26403717 17432647 47119503 525304 22913937 61498447 30479784 26128484 51653638 74070049 21176192 5996934 15467576 103061330 13775772 37304169 56973775 86149680 14354011 2096999 11245394 61874726 12324686 27163352 80463974 9701078 36079580 5628995 33183095 73033190 9936774 333147 18314621 12734128 7195138
7802148 20916473 13184479 7442545 25977614 12745232 27356419 25101055 36563039 31934344 5386105 20752637 978533 744636 7297121 57480514 33948655 21040367 495536 2452972 32608266 23868756 37173556 27573323 10565276 12761519 3651271 42856167 34580039 38701711 44874489 30547793 34397746 38589040 4134210 1018822 11396972 78956693 22888321 21510207 9018652 22998340 318750 10994249 14182174 63377387 12519816 63329124 12551448 12631220 27968821 9575449 1704005 7019363 77475343 34751556 11884709 65187339 37450946 7727822 11719547 22378755 18481698 639744 28953580 10394921 9355128 1726340 1159000 3823723 6758253 1127723 27024264 18739391 9926118 18968268 24838795 10001869 2963552 19042281 8472186 23780590 1530477 52497546 67925277 24482438 34076539 94411635 43269866 31631278 10505059 36396772 11564444 26403717 64881000 26516015 525304 3406297 61498447 34182890 26128484 51653638 3734865 3136695 5996934 38135787 36218127 13775772 17106983 56973775 44966366 14354011 100634087 15186596 131753558 8714253 7603965 13288898 8002705 1156880 4851042 33183095 65123280 9936774 333147 47577510 22815214 7195138
21322280 20916473 13184479 10127688 42352178 12745232 4574109 7752961 36563039 31113996 9620790 21263790 978533 38843218 11704040 98986852 8323503 14657005 3942631 2937948 32608266 35597783 52348915 16000187 10565276 35366446 3651271 13706076 34580039 38701711 49586604 54523763 18916988 38589040 15409887 37885013 42541170 22418128 22888321 21510207 88399414 18663644 36214858 1178131 10370632 25950560 8287672 21824803 32320992 44364100 43631419 20356959 23273567 42423929 13791106 68462468 11884709 65187339 2595534 7727822 11719547 42174840 72958476 18422277 36012274 4911435 21333021 55145398 1159000 14029173 46247316 49118968 27024264 92798575 3630710 11569238 23512380 57001644 1889812 19042281 48924105 97650771 1530477 3817576 3546525 24375973 15245144 41730893 79898713 31631278 10505059 57168911 16873721 14004865 19975656 11047387 525304 27358909 27359501 11421731 24955412 1612961 3734865 113651787 11962605 762590 36218127 25348046 30913729 11270978 4666414 14354011 100634087 11245394 118974943 26560855 8292609 13288898 56035551 49883072 72911432 33183095 83500532 6020333 333147 53630906 7424833 14140776
11620388 100384027 63622299 12736657 3937260 5227896 3303385 7752961 99822400 5011980 25791193 21263790 978533 1815630 85793662 58393228 8072171 18502248 10498559 2452972 32608266 52348299 71180922 16695132 10565276 19049009 3651271 35621321 95561950 3304999 30819646 41013572 18916988 6400241 9709610 13820506 30247338 12642616 22888321 21510207 9018652 18685125 32403943 10994249 14182174 14074124 22831961 6648013 32320992 2649287 21442131 23627116 15999458 19251391 77475343 34751556 7325136 5566806 12132222 6171101 10487552 7797158 14563262 639744 2304109 7663900 15569611 1726340 3351193 5335767 55017059 6275280 29843332 1593635 13435335 61560173 1690610 41189854 14529417 19042281 5773856 13130188 1530477 7287015 17831195 10732820 6992744 42239719 17297688 12532583 10505059 36561732 52130229 26403717 17432647 11047387 525304 75960859 1168472 41951954 26669102 14089506 3734865 113741985 45153869 11897803 12025196 13429179 17106983 11270978 44966366 14354011 31595490 96917964 8182434 32232964 17260024 13288898 4219367 7024962 4851042 47053114 26543951 9936774 41866856 924313 12734128 3581849
25307057 11028826 71365737 10127688 162870630 12745232 53304184 28509606 66191506 53515098 96537563 20752637 29130529 26147170 185660087 12727313 69284562 14928827 495536 2452972 5914475 62445198 45419299 57432423 10565276 29165993 3651271 11041564 34580039 68631813 49586604 129034955 48336600 34187238 15409887 41005946 42541170 2564115 76418620 41776538 88399414 22998340 318750 10994249 58488048 25950560 4749422 35729452 158820909 12631220 50762164 69986434 31534853 126725316 77475343 74957195 11884709 65187339 68542848 14333510 127338624 7797158 47706506 639744 7198878 104347228 88438940 1214311 2473688 14029173 55017059 21408447 43642874 44666007 153311199 95751201 256406366 34918142 46942287 19042281 62051422 23780590 1530477 57931050 62667610 27963670 177108343 104083857 157717143 155896908 10505059 15349394 19123433 26403717 26032187 47119503 525304 43637846 61498447 28791299 73534345 53533371 38405348 113651787 21027466 67413789 152276919 21896849 105847073 95994621 80508279 14354011 211991783 5566258 16186721 5940629 16492813 13288898 69130389 71015624 24421901 58439897 19554976 101529862 11591302 15408004 93386480 14140776
32184365 70410320 577103 10127688 1697416 12745232 36656871 20499311 19732660 74719064 74842154 20752637 978533 60243568 45618663 14191890 8323503 14928827 495536 2452972 32608266 43575058 18035788 27573323 10565276 3859574 3651271 42856167 15325954 16303874 49586604 11121875 12752528 44638705 4134210 37885013 42541170 12543763 13109845 21510207 88399414 22998340 35452629 10994249 58488048 25950560 22831961 22823456 17057576 12631220 1213363 23627116 31534853 118157983 4027970 56647704 50275560 8592456 16845068 2695235 11719547 7797158 18481698 639744 96844878 23289999 12212761 16711786 7769946 14029173 34361600 142532033 18246139 92798575 3630710 27613905 17119519 10001869 46942287 19042281 59584506 6476502 1530477 57931050 17697371 6810476 93505190 41730893 40476885 31631278 10505059 23273706 12746201 4601537 7973514 39468548 525304 43637846 27359501 19867026 44271665 12409772 1497436 113651787 33977065 57969777 12025196 92305755 39989206 25743614 117107186 14354011 31595490 47681866 19590973 26560855 11205519 10140183 19302769 49883072 4851042 28349993 83230881 7383109 333147 924313 40573399 7195138
28524754 231972810 13184479 10127688 1868056 12745232 27886755 123280832 56920750 74719064 96537563 63726466 5078813 60243568 9279470 14137725 16853472 312602411 24946325 2452972 50053353 514128 52348915 92735422 10565276 167171455 3651271 215277784 155592389 43809909 49586604 57635847 26665156 44638705 15409887 32556167 30247338 12642616 91444066 21510207 120135797 22998340 188521486 10994249 14182174 25950560 12519816 132340347 161185336 95211786 1213363 69986434 15999458 39235114 23812288 101438736 35817613 65187339 76668448 7672044 64657009 22378755 51780561 8734879 28953580 23289999 15569611 40073835 34358052 14029173 7624649 20502257 44573994 92798575 89902914 95751201 17119519 35719603 46942287 19042281 73136182 23780590 1530477 57931050 232509854 6810476 187947196 94411635 53130299 4955074 22907215 31151434 52130229 26403717 16993970 47119503 525304 43637846 4397634 36917776 106018825 64539980 92845158 10001192 36790648 203802971 12025196 21896849 17106983 56973775 134618993 14354011 100634087 122082491 154890939 26560855 27163352 73912660 101743876 15022866 4851042 124633602 148328338 140222151 333147 51672821 22815214 47625552
21322280 11028826 13184479 10127688 75587012 12745232 27886755 52602435 26837874 10041554 8057251 838270 978533 60243568 9279470 47785271 8323503 21040367 3942631 2452972 58278269 16730249 52348915 4017642 10565276 50050627 3651271 2803277 27767680 68155280 49586604 139131677 18916988 17286905 15409887 15454990 42541170 15822092 2393946 21510207 8666279 18685125 15954892 10994249 58488048 25950560 13243896 19214359 17057576 52535179 1213363 23627116 27089870 31391330 95912 56647704 50275560 65187339 18685279 7672044 11719547 1818928 18481698 639744 50612659 12602731 7590338 40073835 7769946 14029173 4435764 49118968 27024264 92798575 13435335 76865966 13862978 27869128 46942287 19042281 28528648 65387561 1530477 65026614 44901213 6810476 177108343 94411635 17391524 1398102 10505059 4105657 16873721 7699313 9174678 39468548 525304 36664835 93765590 1335972 73534345 53533371 3734865 10001192 36790648 67413789 5969938 2056578 39989206 93689828 132792440 14354011 31595490 19239628 40951625 23890089 58694447 10140183 6908497 15022866 4851042 27802395 52182823 15494163 333147 924313 4361437 7195138
23339507 51829185 13184479 25716779 1868056 12745232 26478612 57256952 56920750 29667783 78593806 148748435 978533 38843218 97401798 10493831 33948655 21040367 30881930 2452972 50053353 62445198 61080130 2215595 9685356 19049009 3651271 38439432 15283027 44193996 32646360 1791072 20836376 44638705 4134210 108285435 13933641 351045 2648421 1548359 20105540 18685125 4226640 10994249 58488048 25950560 9519072 26096331 39446 57478426 1213363 23627116 15999458 31391330 77475343 5881872 49048942 44862946 5013692 7727822 11719547 7797158 18481698 639744 28953580 6426421 15569611 1726340 26566166 14029173 7624649 62668561 27024264 1137316 103450098 74763039 57118894 10001869 34429946 19042281 73136182 23780590 1530477 3817576 17831195 6810476 89442017 59903324 102525687 31631278 10505059 4105657 16873721 2181188 26032187 35409055 525304 70843466 4397634 17509633 10466979 1612961 3734865 113651787 50679498 67413789 12025196 128093042 17106983 17464270 54744348 14354011 41657191 9458629 168753231 26560855 294428 28639394 29973046 40335436 116331093 33183095 49321425 6892431 333147 18314621 34843373 7195138
25307057 60846274 13184479 10127688 1697416 12745232 29459730 117500891 56920750 10041554 78593806 101104040 978533 25874715 25232709 95262415 33948655 15109464 324371 2452972 58278269 62445198 2316853 109778103 10565276 3859574 3651271 40281271 8028041 830100 38555877 40628048 34397746 44638705 4134210 15454990 75026310 31597777 73945828 21510207 103529632 18685125 73746094 10994249 58488048 25594832 75512680 53239987 73540937 52535179 1213363 2763495 31534853 84556434 22373149 9934891 43471852 42245718 37450946 1108540 30036954 7797158 28164800 639744 6605526 6426421 10960823 1726340 1159000 14029173 9647442 14483268 27024264 9990529 13435335 25083098 17119519 10001869 23683780 19042281 70069639 23780590 1530477 17392088 20812316 6810476 34076539 25662160 78746646 31631278 47630471 47909979 16873721 26403717 26032187 7897982 525304 43637846 4040924 68366365 53684055 88356753 3734865 113651787 60828714 67413789 52394067 78946385 5054040 6329402 31367041 14354011 1964896 19239628 155694150 26560855 58694447 28639394 19302769 73748548 66772818 27802395 47175603 81288399 333147 12916672 45740946 16613585
13561161 68157095 13184479 14362980 1697416 9005141 4574109 37427668 56920750 29667783 32369684 72209866 30437969 35125776 12406532 14137725 8323503 15767900 30881930 2452972 29429827 1967161 136353013 22676280 2410503 3859574 3651271 38439432 2152463 54301029 32646360 16935723 13769604 35634218 15409887 4823059 531394 12642616 22888321 21510207 4770683 18685125 19154957 10994249 58488048 25950560 22831961 3761101 17057576 82821602 42744204 26176089 31534853 31391330 95912 68462468 50275560 44862946 26889552 7727822 64657009 7797158 5162433 639744 27248432 177434668 12212761 1726340 7769946 14029173 15568912 43959696 27024264 1137316 24345619 9327887 23512380 18217551 34429946 19042281 70069639 17715920 1530477 56745019 13292636 64913277 4605918 108413317 38042837 31631278 22907215 1896021 16873721 26403717 20413035 38909838 525304 97773411 84866263 23843410 6189676 1612961 127817669 69525999 44750856 67413789 49176588 60353443 30913729 71822832 30586562 7393117 21140199 16026452 10272036 18196373 27163352 28639394 19302769 45474480 39743243 33183095 49321425 112841428 333147 73991092 128134414 7810179
13561161 101888518 13184479 25716779 78511156 4642707 4574109 60914109 56920750 30427726 78593806 51061009 978533 60243568 97401798 40743048 8323503 14928827 9703418 45820714 5914475 4746177 1995183 34437720 10565276 32043842 3651271 38230921 5309122 52454349 34640093 29045263 18916988 44638705 15409887 51044122 30247338 12543763 81871632 21510207 50981624 949181 5235585 10994249 10370632 25950560 10155181 88329658 27315407 95187626 1213363 20448712 15999458 12990612 23812288 56647704 6205166 65187339 86622622 7727822 28604871 22378755 18481698 639744 28953580 23289999 7590338 1726340 34358052 14029173 10890988 51602334 27024264 18739391 30180514 604362 56218959 44539931 46942287 19042281 73136182 23780590 1530477 72768362 44901213 6810476 15245144 15392655 17391524 31631278 10505059 1896021 14326384 7699313 32907912 38909838 525304 53269324 84866263 5935994 14547779 1612961 3734865 22446573 28399035 50750034 48468141 11607450 10878302 45996548 17159682 808716 88426340 15716144 157831990 48590568 49671490 13288898 26402681 15022866 4851042 20815462 59213041 10803715 333147 32417210 4361437 1536856
25307057 2951165 1494278 6660046 30085570 6264343 41144296 21861454 56920750 47536099 86101458 20752637 11000139 37304699 97401798 39867633 33948655 14928827 3942631 2452972 5914475 1967161 20231177 22676280 10565276 40984347 3651271 69728380 73528255 16445416 39608578 41013572 9555136 34187238 15409887 18818201 9965949 12543763 20522068 1548359 20105540 949181 2634144 10994249 58488048 25950560 5742133 6998270 75274114 20511426 1213363 6737576 15999458 12990612 23812288 68462468 11884709 10397349 26889552 14333510 11719547 12716220 7172175 639744 28953580 61603067 12671820 1214311 1159000 7336867 9647442 30752750 27024264 48194028 66999989 20200126 13862978 15541717 46942287 16591852 22273856 65387561 1530477 73190998 18613787 6810476 52493367 4095465 68261326 1398102 10505059 15349394 11564444 26403717 21316887 7587559 525304 24380233 61498447 5408768 70117747 47105790 19660636 42514211 11962605 81831463 127346318 21896849 17106983 58159726 28341236 14354011 2607330 1675404 10272036 18196373 27163352 13288898 33432492 62685272 3624144 20815462 19554976 15494163 333147 44986395 55034387 7810179
21322280 22236352 13184479 25716779 1868056 586349 27886755 21861454 56920750 29667783 56593533 38753552 978533 2507509 9279470 47785271 8323503 14928827 22218893 2452972 80408803 1967161 26202121 2215595 442167 22655523 3651271 13210587 22359497 31083485 5804463 91869898 6919521 44638705 4134210 5837006 23836715 12543763 20522068 4450033 537621 949181 37458697 4893522 8887445 25950560 22831961 53239987 100503463 7563117 31540129 6737576 31534853 31391330 19197210 68462468 109645444 65187339 1479183 7727822 11209212 7797158 72958476 639744 7198878 6426421 7590338 1726340 1159000 14029173 79359149 1689832 27024264 18739391 3630710 27613905 17119519 10001869 36442441 19042281 15908477 21205984 1530477 5255830 6558744 12213438 34076539 94411635 17391524 31631278 10505059 19829171 12746201 26403717 20413035 47119503 525304 70843466 93765590 28791299 27851340 68384969 3734865 9525857 36790648 52826067 102388412 64239091 39989206 37620500 42391211 4649865 7363296 9458629 10272036 26560855 58694447 29444054 24568778 49883072 4851042 27802395 37292664 15494163 333147 46058541 4361437 7810179
