25307057 231972810 85449535 6660046 141792690 12745232 42820937 21861454 4625899 47536099 16334147 69975359 79197516 2507509 70121820 169203855 213779122 14928827 22218893 80292740 7327030 99133450 26202121 11720078 105697146 49052086 3651271 74111278 105624743 91804719 131192657 158462736 6919521 23358658 15409887 51044122 229346179 12543763 20522068 1548359 20105540 177693069 24074876 10994249 14182174 25950560 5742133 117398122 297924394 95187626 50762164 6737576 31534853 19251391 93940177 225964790 118058438 65187339 68542848 132944119 11719547 22378755 47706506 18422277 54499212 23289999 33048166 1726340 16667829 14029173 55017059 61803817 44573994 137005738 114611956 92028265 98843825 41189854 46942287 2065029 62638233 99356155 1530477 73190998 212839518 27963670 223229195 169561454 73523564 10947694 10505059 41296607 52130229 26403717 109073630 87006231 525304 82531548 282152401 37130642 91679481 138812540 30068325 304478262 50679498 52826067 175907874 163115102 143201859 153506225 86030890 14354011 211991783 84517776 312950366 10651469 58694447 11909961 143681377 5691197 4851042 10486447 37292664 15494163 41866856 74209826 51647069 48230197
11277460 118902555 1494278 11785676 116104762 3766471 20589325 21861454 56920750 146280687 86101458 12963051 15015929 2507509 89770486 104747425 165595761 16684006 22218893 117433863 181886371 16730249 4212015 4017642 96837987 6613362 3651271 74111278 27767680 15968279 107621047 41013572 6919521 44638705 15409887 26295976 531394 12642616 20522068 24506221 8666279 22998340 37458697 10994249 10370632 25950560 22831961 45119693 46674701 67749763 50762164 6737576 31534853 5379594 77475343 56647704 117969175 65187339 26889552 25135066 5917412 123648894 18481698 18422277 1995120 10394921 56729395 63537099 16285441 14029173 88368610 18317134 44573994 32719423 14849967 30146967 99178107 45220379 46942287 2564538 63364378 41529720 1530477 46468038 29075931 3019997 75167144 104083857 142192246 31631278 10505059 5018778 24835556 26403717 24965685 5388347 525304 5680857 170075 25002800 61108067 69091800 21001658 22568719 46775962 115105956 100207325 79227272 37304169 45996548 86030890 14354011 31595490 21553205 85050080 18196373 9353080 3687058 9701078 20086768 116331093 33183095 37292664 83861697 333147 924313 55034387 7195138
25307057 97085922 13184479 24160978 1868056 12745232 42820937 21861454 4625899 6196322 92324269 168012045 8769601 2507509 70121820 57885213 32668428 72722152 22218893 24611985 45830718 112664305 23128378 4907306 43357195 14684422 3651271 38230921 14799785 91804719 11330906 19952968 6919521 91918047 33823355 30337734 22189002 78285592 897633 41776538 29513133 22998340 318750 10994249 58488048 72572579 35594242 16739789 12551448 29941366 22638957 6737576 15999458 73691248 15300264 86140736 37734115 15269390 68542848 25135066 63648451 19920676 79527872 18422277 28953580 189488040 15569611 10239746 1159000 7336867 55017059 61803817 19238220 54332573 9926118 25754237 171604208 41189854 46942287 19042281 11050417 10158467 1530477 24216855 25390362 9700473 36045854 102561112 19659980 31631278 10505059 27864868 16873721 26403717 123578117 87191701 525304 19414064 226320417 32585371 26128484 51653638 30068325 3136695 63355576 7880492 48468141 127256729 10878302 30717310 59080319 14354011 25740644 122082491 88138403 76708615 76474386 8546323 19411598 39845873 116331093 35847596 33750771 112841428 333147 39845646 51647069 61506909
32184365 167888732 161087982 81152968 12117371 12745232 24667844 200123932 103058441 71190622 2040161 154665236 99670005 40897245 323705677 346077118 137422536 14928827 416164164 117433863 31642479 101722721 90724116 140934000 118813739 103288003 113431928 41984871 105624743 91804719 131192657 300129901 717031777 2265517 255728084 161147775 175985518 12543763 75178221 187596285 79827482 37573093 227001007 10994249 55250810 485305970 122368327 211654431 79945968 105250558 81478858 233346600 15999458 698979289 230409367 56647704 264719149 65187339 48025693 38677143 16212043 48833602 18481698 18422277 28953580 413572368 15569611 262542605 82661317 47859585 327248212 607134750 118463117 253313600 109345610 293654376 248560397 57001644 46942287 19042281 423115019 364257839 25516693 73190998 202233630 566649544 374811460 169561454 96416604 441225064 10505059 90798279 157253416 26403717 91986736 313235288 525304 82531548 79259970 37258469 26128484 53533371 298949268 63415904 115697408 71705591 552459025 524976094 17106983 149729746 152786592 62543456 177795813 122082491 90214990 212474890 506847844 62546609 223948218 84102025 68779287 547012373 11144276 396013553 188682547 38392986 89165522 7195138
16168513 17015694 13184479 25716779 1868056 12745232 36656871 28509606 56920750 27470127 5386105 20752637 978533 41290023 45618663 71264342 16853472 496628 4583727 8582215 50053353 16730249 48015224 4017642 988038 12426897 3651271 29330471 23909840 43809909 124804050 11007018 26665156 44638705 15409887 51044122 42541170 2564115 52378559 21510207 8666279 22998340 68417997 10994249 10370632 25950560 22831961 11453726 39446 7881288 46464676 8917390 15999458 19251391 13791106 101438736 11884709 24579468 5013692 7727822 11834595 7797158 38235504 639744 7198878 10394921 15569611 1726340 3070617 14029173 15568912 51602334 5460437 3111505 2340465 20200126 13862978 1922073 46942287 19042281 30791021 23780590 1530477 33473353 62667610 20754028 267996 41730893 1415293 1398102 10505059 15349394 24835556 26403717 26032187 14717868 525304 70843466 26614755 13857018 44271665 1612961 3734865 58359337 40158826 67413789 33585225 33925345 5054040 32567995 51139141 14354011 31595490 5566258 135916467 8714253 10207896 10140183 9701078 73748548 14568466 33183095 26543951 83861697 333147 924313 46256733 16613585
7802148 22236352 13184479 31312792 1868056 12745232 149717428 25101055 39394001 8320398 25791193 20752637 236483 60243568 80467023 34122216 8323503 8728276 3942631 2452972 50053353 28835973 90724116 27573323 9685356 12426897 3651271 38230921 105699780 61882012 5804463 13554013 18916988 35038240 15409887 32556167 41351191 12543763 22888321 41776538 88399414 22998340 54520991 10994249 8887445 25950560 10155181 78287806 4019398 7563117 1213363 68832081 15999458 78057396 95912 53222179 59362181 8554106 70653456 8557669 3760982 7797158 72958476 639744 21542479 16417600 15569611 39765831 6453246 7336867 4435764 44278401 27024264 1137316 2340465 33310401 13862978 39517679 46942287 12656266 62638233 23780590 1530477 33473353 62667610 2319043 34076539 104899674 1415293 1398102 10505059 41296607 16873721 26403717 20413035 47119503 525304 23378326 61498447 18380948 60218234 53533371 3734865 3136695 49199522 67413789 43925626 36837441 17106983 94674512 8553702 14354011 31595490 122082491 126825572 56032908 54486348 29444054 15375035 26541788 5816873 33183095 26543951 83861697 333147 924313 12706540 16613585
25307057 100384027 47266135 50329658 1868056 12745232 121759699 21861454 78649471 154599105 23682758 197766566 79197516 60243568 23609316 47785271 47445943 100817506 22218893 117433863 50053353 103779680 116940330 81869355 103849861 107719224 3651271 10555134 277511811 43809909 43001263 129034955 12488378 77636462 4134210 338427639 531394 12642616 20522068 21510207 4770683 22998340 37458697 10994249 58488048 83457296 35594242 88329658 4019398 95211786 1213363 6737576 15999458 12990612 23812288 21835954 107804178 65187339 68542848 7727822 127338624 123648894 18481698 8734879 28953580 7663900 15569611 220409905 33821327 14029173 9647442 27438572 44573994 27071476 30180514 61560173 54557916 10001869 46942287 19042281 73136182 23780590 1530477 46468038 257764569 6810476 150380874 122026186 70065043 102655983 10505059 47909979 52130229 23028410 43085331 153773775 525304 35855540 9128698 81430064 31757549 64539980 30068325 32825289 3762421 50750034 66424928 236509021 17106983 145780233 32082926 14354011 100634087 19239628 218195680 48590568 27163352 191384492 26402681 64222629 14568466 124633602 37292664 29857854 33575358 60001455 55034387 7195138
14891525 2951165 25981485 25716779 1697416 4729107 4574109 21861454 66191506 29667783 82500533 63726466 6247353 104955393 9279470 39558821 33948655 14928827 22218893 2452972 113192913 62445198 45419299 2215595 442167 3859574 80274875 13210587 6368490 2115897 5804463 34070667 27785602 44638705 15409887 37885013 2611657 12543763 2039215 21510207 48774922 49685976 37458697 10994249 8887445 25950560 11256150 38117314 15951623 33921680 1213363 6737576 30026553 12990612 17201083 88989564 100530778 21303490 109522322 7727822 11719547 7797158 72958476 639744 96844878 6426421 12212761 1214311 13103779 37429868 88368610 1689832 27024264 18739391 3630710 27613905 114285261 55909980 46942287 19042281 70069639 23780590 25516693 52461881 17697371 6810476 34423398 16688503 40476885 59231088 10505059 19829171 9434343 26403717 26032187 7587559 525304 125829515 5141649 23727972 15670968 10352359 30068325 113651787 36790648 67413789 64405659 21896849 5054040 30532387 49088644 44440523 2607330 9458629 119117756 26560855 5004453 29444054 19302769 90489194 3624144 44349684 26543951 15494163 94536672 73991092 55034387 18302090
25307057 60846274 25981485 10127688 1868056 4642707 4574109 21861454 17418595 15916153 5386105 21263790 978533 2507509 7297121 14137725 8323503 21040367 19255214 2452972 6257634 39884000 9023963 22676280 9685356 8060425 3651271 37121930 6368490 1077159 34640093 30547793 6919521 44638705 4134210 32556167 531394 351045 2648421 21510207 38201367 22998340 16417513 10994249 58488048 13080075 15681294 36213026 26194302 33921680 1213363 6737576 1704005 19251391 95912 56647704 33015699 39033115 18685279 7727822 11719547 108906472 18481698 639744 28953580 6426421 7590338 1726340 34358052 14029173 9647442 1127723 39710019 1137316 29208139 57648898 57118894 10001869 34429946 1891760 21807368 7955861 1530477 33473353 6558744 6810476 36915311 94411635 17391524 21447980 10505059 23096339 2626111 26403717 19975656 44649845 525304 43637846 86676142 23727972 75917444 10352359 3734865 76939731 5996934 50750034 12025196 21896849 17106983 36809230 11366464 14354011 7363296 19239628 54225367 13851314 294428 73912660 39550065 7024962 19254394 54308798 37292664 15494163 29715777 10900890 4361437 7195138
25307057 22319035 13184479 25716779 1697416 12745232 36728837 7752961 6272859 33797347 12448860 13158355 9389229 18424773 74629440 40743048 47445943 14928827 324371 14011691 50053353 103779680 26202121 11720078 23574465 3859574 3651271 153639465 9592355 830100 42310240 16308095 6919521 44638705 4134210 32556167 42541170 12543763 22888321 8780955 9018652 18685125 72607702 1304720 31653847 25950560 293546 100859830 32320992 63981367 1213363 7902216 15999458 12292136 16766552 34751556 40428257 6980804 63647602 1108540 22390281 7797158 16282656 639744 28953580 12305145 12212761 40073835 7769946 14029173 40824056 67382136 7523349 47943487 16846167 53199481 23512380 10001869 40575607 19042281 70069639 23780590 1530477 46468038 17831195 6810476 86638268 31180241 73523564 10947694 10505059 28940122 16873721 26403717 14940356 39468548 525304 145133065 76127621 5408768 54853876 1612961 127817669 17679166 44750856 61470020 87698504 11848336 17106983 45996548 15322304 14354011 100634087 5566258 142675782 10651469 19232051 11909961 19302769 63677002 25737423 33183095 31202563 81288399 333147 74209826 86759188 7195138
13561161 68157095 25981485 81152968 1697416 12745232 41110479 56122396 66191506 53515098 114273612 72209866 30437969 104955393 105180287 40743048 8323503 105717082 30881930 2452972 50053353 185358970 45419299 247218753 23574465 3859574 27062174 38439432 34580039 91804719 34640093 16935723 18916988 12217976 15409887 22636154 49815654 43911876 22888321 63628892 88399414 18685125 19154957 10994249 105907088 25950560 74152818 3761101 175723803 103972629 1213363 123497809 15999458 31391330 23812288 88989564 7325136 63168311 109522322 14333510 112654279 7797158 398870910 8734879 27248432 104347228 12212761 1214311 34358052 47859585 15568912 71968191 44573994 187806145 34509554 48976978 24838795 18217551 34429946 19042281 70069639 17715920 25516693 68354842 34139870 6810476 4605918 16688503 38042837 140947268 10505059 1896021 19123433 26403717 26032187 38909838 525304 97773411 172931897 183366891 106018825 1612961 127817669 113651787 50679498 34176990 137264658 72616918 17106983 231237170 152786592 7393117 21140199 47442142 42988977 41358386 16492813 28639394 19302769 49883072 96598334 55954928 64592319 123445450 24804399 73991092 171056970 16613585
25307057 86218366 1494278 21967836 1868056 12745232 13246730 21861454 16621238 6196322 92324269 1035279 8769601 60243568 62196033 50846145 32668428 72722152 22218893 24611985 45830718 112664305 23128378 4907306 34955897 14684422 3651271 38230921 14799785 44822169 11330906 19952968 60857595 91918047 33823355 30337734 22189002 32148524 897633 14356518 29513133 22998340 318750 10994249 58488048 49633329 22831961 16739789 12551448 29941366 22638957 6737576 31534853 19251391 15300264 10307978 37734115 65187339 35673074 38677143 63648451 19920676 18481698 18422277 84505962 11516470 116939858 10239746 1159000 7336867 48634024 61803817 27024264 54332573 9926118 27613905 171604208 32279652 46942287 19042281 11050417 10575187 1530477 24216855 25390362 9700473 36045854 26553776 19659980 31631278 10505059 11695249 8181043 26403717 43085331 70248969 525304 3406297 226320417 24232694 24127184 35448449 30068325 3136695 6082138 43778748 48468141 52267391 10878302 13390799 44966366 14354011 25740644 96780524 212449 158099753 76474386 8546323 18663080 39845873 20171914 33183095 33750771 154447529 333147 39845646 55034387 7195138
100223370 2951165 13184479 81152968 64131457 3766471 9935460 41336724 56920750 40510848 23260126 183514730 6247353 60243568 25232709 39867633 61733913 44193260 30881930 2452972 21689838 101400791 4212015 27573323 44129809 121533243 3651271 49922823 34580039 87082570 49586604 41013572 10794924 44638705 4134210 15454990 738276 12982391 22888321 21510207 9018652 22998340 45470041 10994249 58488048 1705593 22831961 22504648 114588331 33921680 64122307 23627116 1704005 19251391 77475343 68462468 90141975 65187339 181916923 7727822 131895 7797158 79527872 639744 28953580 6426421 12671820 1214311 34358052 14029173 9647442 1127723 70466552 99212378 13435335 604362 71787010 5633211 46942287 19042281 80967414 94033610 1530477 52461881 62216281 145015998 192456386 104083857 77355447 24162438 10505059 38107613 19123433 26403717 26032187 241297080 525304 58087433 93765590 23727972 176363004 64539980 117880895 113651787 5996934 6982237 36300009 31913017 17106983 37620500 42391211 14354011 41678819 116570558 27056282 13851314 9353080 10140183 33168778 71015624 86908753 6850379 36549441 15494163 333147 73991092 125132549 14140776
25307057 46832713 13184479 2969361 42462817 3766471 4574109 21861454 13863367 15916153 5386105 21263790 978533 4142924 7297121 14137725 70817828 21040367 3942631 2452972 32608266 46249208 4212015 86407323 10565276 8060425 3651271 39754474 34580039 68631813 49586604 14994715 2518573 12217976 2779910 37885013 42541170 12642616 20522068 12833290 50981624 22998340 5235585 10994249 14182174 18290164 10155181 38117314 27315407 88941641 25215551 6737576 1704005 16919423 77475343 56647704 7325136 65187339 2595534 7727822 28604871 42174840 18481698 8734879 73572541 6426421 9355128 1214311 7769946 14029173 14830963 1127723 27024264 9990529 29208139 27613905 23512380 10001869 46942287 19042281 62638233 23780590 1530477 1791382 62667610 24375973 34423398 80592907 73523564 31631278 10505059 38107613 16873721 2378059 2461488 39468548 525304 43637846 66156252 14646703 75917444 53533371 3734865 59212733 5996934 50750034 70763181 31913017 20957499 30532387 42391211 14354011 25740644 16775925 121927977 84716672 9353080 10140183 11591887 7024962 1173231 33183095 23987678 123445450 333147 73991092 5651990 7195138
21322280 49308599 13184479 10127688 57490924 12745232 27886755 28509606 17418595 47536099 78593806 51061009 978533 60243568 9279470 14137725 34872738 21040367 3942631 117433863 9504163 39884000 34640939 5685410 10565276 8060425 3651271 38230921 62797058 40253184 8590200 129034955 34397746 44638705 15214655 41005946 42541170 12642616 75178221 1548359 20105540 22998340 5235585 10994249 14182174 18290164 10155181 128880397 17057576 64845081 40709902 69986434 8476056 19251391 23812288 56647704 35817613 5566806 37450946 7727822 120570078 22378755 18481698 18422277 50612659 23289999 7590338 1726340 34358052 7336867 7624649 21408447 27024264 155226172 145534808 604362 57118894 35719603 46942287 19042281 80967414 100466392 1530477 17392088 15084638 24375973 33734184 94411635 17391524 31631278 10505059 15349394 16873721 26403717 14940356 47119503 525304 30622862 66156252 36917776 53684055 53533371 3734865 70917033 36790648 70335212 64551008 21896849 39989206 36809230 87345587 14354011 100634087 19239628 330704238 26021545 27163352 102651175 29354803 67992229 4851042 16542182 41783293 63777780 333147 46058541 4361437 7195138
25307057 5389782 13184479 10127688 1697416 3766471 41110479 37427668 56920750 18931057 78593806 72209866 4829201 2114491 12406532 40743048 8323503 14928827 30881930 108598327 50053353 39884000 4212015 27573323 2410503 3859574 3651271 38439432 2152463 91804719 49586604 16935723 10794924 44638705 15409887 4823059 30247338 12543763 22888321 21510207 88399414 18685125 19154957 10994249 58488048 25950560 22831961 94669343 101580886 19828870 1213363 59557378 8476056 31391330 95912 68462468 58023042 65187339 107393424 1108540 64657009 7797158 51780561 639744 28953580 79066978 12212761 1726340 26566166 14029173 40824056 60028197 27024264 92798575 34509554 76865966 24838795 18217551 34429946 19042281 70069639 17715920 1530477 65026614 11558235 6810476 90142090 16688503 38042837 31631278 10505059 1896021 12746201 26403717 26032187 70248969 525304 43637846 5141649 28791299 6189676 1612961 64271694 101832405 53897479 34176990 83423117 72616918 17106983 71822832 139649599 14354011 41657191 19239628 219458356 26560855 9353080 28639394 19302769 49883072 24421901 33183095 49321425 112841428 333147 23776680 128134414 17297813
25307057 122906889 1494278 10127688 1868056 12745232 59762370 21861454 56920750 6196322 92324269 168012045 8769601 2507509 79876633 57885213 32668428 72722152 22218893 24611985 45830718 112664305 23128378 4907306 43357195 14684422 3651271 38230921 14799785 91804719 11330906 19952968 6919521 90156207 33823355 30337734 22189002 14508916 897633 41776538 29513133 22998340 318750 10994249 58488048 72572579 35594242 16739789 12551448 29941366 22638957 6737576 31534853 19251391 15300264 86140736 37734115 65187339 70653456 25135066 63648451 19920676 79527872 18422277 84505962 75582365 36345193 10239746 1159000 7336867 88368610 61803817 27024264 54332573 9926118 25754237 79635933 57001644 46942287 19042281 11050417 10575187 1530477 24216855 25390362 9700473 15245144 102561112 19659980 31631278 10505059 27864868 16873721 26403717 43085331 87191701 525304 3406297 226320417 32585371 26128484 51653638 30068325 3136695 63355576 81831463 149783329 127256729 45291312 30717310 59080319 14354011 25740644 122082491 197847293 76708615 76474386 8546323 19411598 39845873 116331093 35847596 33750771 156184474 333147 39845646 55034387 61506909
