25307057 100384027 81099662 10127688 137180010 6264343 94085438 45429241 19732660 53515098 78593806 33144734 72685474 60243568 25232709 39867633 33948655 18502248 24057463 2452972 31642479 62445198 51976552 20215227 10565276 105898016 3651271 58065017 4503001 43809909 49586604 119967539 48336600 2727417 33823355 134334477 9965949 3270608 22888321 12833290 88399414 22998340 2634144 10994249 32230959 25594832 10155181 57320899 142746245 7563117 1526425 69986434 14517516 19251391 77475343 40923525 38602747 65187339 31485026 15311041 28604871 7797158 72958476 639744 2240352 207369305 141774217 1726340 2473688 14029173 65688954 23979894 70466552 9990529 3630710 95751201 28130866 18431591 46942287 19042281 58265887 12852549 1530477 2709078 18613787 26293371 75167144 31180241 271422303 2923775 10505059 24958164 18350450 26403717 26032187 7587559 525304 43637846 92633378 32585371 14547779 47105790 75248458 59212733 43307469 67413789 5969938 21896849 105847073 45996548 152786592 14354011 148407520 19239628 119159586 26560855 27163352 10140183 26402681 94634777 68779287 160533541 81243400 108285924 8319658 73991092 93386480 94807891
25307057 330576719 34535533 10127688 1868056 12745232 17484894 162258233 103058441 42287965 123417832 136129608 35931173 60243568 97401798 48760486 69284562 121319437 495536 117433863 50053353 62445198 9023963 274448739 10565276 107719224 3651271 42856167 34580039 43809909 49586604 182222237 60857595 9321868 21256902 318892227 172316788 89532648 36209994 24084050 88399414 949181 45470041 10994249 58488048 151855204 15681294 8546324 75274114 12631220 185289395 69986434 15999458 34820669 94346270 56647704 94759044 65187339 31485026 123663484 28604871 37026474 18481698 639744 28953580 75703294 15569611 220409905 34358052 47859585 55017059 23979894 27024264 158976926 113667765 95751201 85426241 41189854 24773281 19042281 101235575 12852549 25516693 21803868 17831195 26293371 111137765 104083857 143970406 21447980 10505059 167843197 16873721 26403717 301777087 35409055 525304 43637846 29609684 45586308 75917444 9305405 127817669 106306170 50679498 75300807 5969938 4863483 17106983 95994621 152786592 88423573 116309472 1675404 205058911 42424147 76474386 28639394 105794160 71015624 15048002 228725716 83230881 78322038 41866856 96088291 5651990 7195138
25307057 80770947 155937958 81152968 232585025 6264343 4574109 45429241 36563039 53515098 96537563 182793919 78566918 120890631 258365236 116808588 69284562 18502248 30881930 117433863 37340749 62445198 181192175 20215227 10565276 305350719 58305778 143892781 34580039 43809909 49586604 41013572 60857595 44638705 15409887 18818201 9965949 12642616 91444066 21510207 88399414 177693069 162112014 10994249 10370632 25950560 7625292 36036054 90985235 20511426 18646979 23627116 31534853 39235114 23812288 45190160 35817613 10397349 76668448 81749957 11719547 12716220 7172175 639744 163306601 104347228 12671820 1726340 34358052 7336867 9647442 90494309 44573994 180927683 153311199 93521919 376642338 57001644 46942287 16591852 104240230 56033479 10766766 57931050 29075931 34164510 75167144 104083857 143970406 363669202 10505059 24958164 19123433 25667244 126828231 47119503 525304 89160957 147583479 97141871 61108067 53533371 127817669 113651787 33977065 81551000 103061330 25348046 30913729 45996548 141763510 90374370 163924707 122082491 272749956 79354060 27163352 102651175 56035551 71015624 116331093 179844663 73033190 15494163 8319658 160678947 22815214 14140776
25307057 27083248 13184479 10127688 127849478 3766471 4574109 41336724 13863367 16179527 78593806 3246867 978533 31530469 117759798 47785271 70817828 14657005 495536 2937948 50053353 31721214 4212015 35950919 7880079 19049009 3651271 42856167 43698027 20656453 49586604 20611320 10794924 44638705 33823355 32556167 30247338 12982391 42629672 21510207 8693608 18663644 45470041 10994249 10370632 29024468 10155181 38117314 79945968 5237479 10331276 23627116 1704005 19251391 49323520 34751556 107947440 65187339 76668448 7727822 11719547 48709428 18481698 8734879 28953580 4911435 15569611 1214311 7769946 14029173 15568912 1127723 5460437 104313558 17281080 61560173 13862978 44294739 46942287 19042281 80967414 23780590 1530477 21017046 29075931 26293371 45893232 122026186 77355447 1398102 10505059 47909979 52130229 11173529 32907912 31642448 525304 43637846 5141649 26295262 3021928 32012206 3734865 113651787 5996934 91531059 3554726 31913017 17106983 45996548 44966366 14354011 96071783 5566258 173207653 618915 9353080 29069528 26402681 34585296 112596107 14372146 49967088 6020333 333147 7913794 128134414 7195138
25307057 60846274 13184479 12736657 110130737 12745232 75788177 32222110 56920750 29667783 29120650 2537007 6247353 30429834 124911808 14137725 8323503 21040367 30881930 103462967 32608266 15212389 37173556 22676280 55384916 32043842 3651271 108506830 110001238 73063684 5244888 41013572 13477378 44638705 21256902 26302500 42541170 12642616 22888321 12833290 2115451 6178871 38836354 10994249 43414248 134246452 22831961 68148608 124044274 33921680 46464676 23627116 1704005 19251391 44817381 34751556 43471852 65187339 26889552 25135066 11719547 7797158 18481698 639744 28098758 6426421 10960823 1726340 17630691 14029173 4414242 1127723 44573994 116973731 34509554 57648898 24838795 35719603 24773281 19042281 80967414 11854821 1530477 46468038 59818393 9215488 19956182 97365970 38042837 6255539 10505059 38107613 6358250 26403717 23078932 11113908 525304 14826881 66156252 7956546 26286619 51653638 38405348 69599815 5996934 40038077 99574418 31913017 17106983 45996548 42391211 14354011 132278375 122082491 41703298 18196373 27163352 60711029 122140807 49883072 112596107 33183095 42384018 9936774 333147 160678947 128134414 7195138
25307057 231972810 13596527 81152968 68940060 12745232 116860100 21861454 103058441 5011980 96537563 69975359 79197516 2507509 185660087 134433718 91532780 21040367 22218893 117433863 198509097 171205302 26202121 129040121 118813739 107719224 3651271 74111278 132894600 91804719 35579153 129034955 6919521 89659124 210368907 285341289 159435987 12642616 20522068 125682677 88399414 193293754 37458697 10994249 193455601 203693762 122368327 38117314 168456209 95211786 50762164 6737576 31534853 19251391 19197210 56647704 233654470 65187339 68542848 14333510 11719547 123648894 18481698 8734879 378120857 207369305 240667845 1214311 34358052 14029173 55017059 61803817 44573994 137005738 98668565 224256615 256406366 41189854 46942287 19042281 22445902 23780590 1530477 57931050 6558744 27963670 124347331 104083857 73523564 438406357 10505059 41296607 52130229 26403717 237992731 35409055 525304 250905715 131482089 32585371 106018825 138812540 30068325 113651787 50679498 52826067 152276919 129422138 105847073 280972808 86030890 14354011 273594342 95693583 398986810 173254289 27163352 10140183 33168778 39845873 39885135 165650752 37292664 15494163 41866856 45821498 51647069 7195138
25307057 22236352 1494278 6660046 1868056 12745232 4574109 21861454 56920750 47536099 79239216 38753552 79197516 2507509 7297121 39867633 33948655 14928827 22218893 2452972 125329875 35856720 2316853 27573323 105697146 18401979 3651271 74111278 43547901 43630537 5804463 41013572 6919521 89659124 33823355 32556167 87890603 12543763 20522068 1548359 20105540 1149973 37458697 10994249 8887445 83457296 5742133 26096331 24912182 7563117 50762164 6737576 23157198 7921819 81751156 101438736 13955532 56529635 2595534 6171101 64657009 7797158 47706506 639744 66464428 16417600 163245690 1726340 1159000 14029173 53274217 61803817 27024264 48194028 58724453 20200126 98843825 18217551 46942287 19042281 14115212 18623618 1530477 3817576 28613145 12213438 223229195 94411635 73523564 31631278 10505059 41296607 16873721 26403717 3519701 87006231 525304 97068916 147583479 23843410 56766752 33817585 30068325 227959109 40158826 67413789 12025196 11239867 10878302 18002778 4071763 14354011 30555622 56638720 351165572 26560855 27163352 20687292 26402681 50069796 4851042 44349684 37292664 83861697 333147 64300871 55034387 17297813
25307057 29453105 37751021 10127688 10094677 3766471 41144296 9131615 19162425 53515098 32369684 27553783 29130529 57504418 33972839 60666554 16474911 14928827 8125736 44440076 31642479 69667588 4212015 12700179 54529721 49005867 3651271 35506462 5309122 20656453 4842655 20611320 10794924 2727417 33823355 15454990 531394 12543763 7176766 41776538 88399414 949181 38836354 10994249 47329935 83457296 22831961 17313857 4125588 101046867 49794506 2763495 15999458 19251391 14504135 40923525 37961991 24579468 2595534 1108540 16212043 7797158 18481698 639744 28953580 7323853 15569611 1726340 17630691 7336867 35896829 21408447 27024264 74080318 13435335 31675416 155326141 57001644 1889812 5058615 43427074 21205984 25516693 46468038 21586839 23931238 52064896 97365970 38042837 11542398 10505059 1896021 16873721 7621620 26032187 12289620 525304 23076813 1168472 6641461 14547779 53533371 38405348 63415904 50679498 67413789 5969938 52267391 10609440 45996548 8263329 11846597 9863908 47681866 119159586 618915 9353080 20687292 26402681 26070201 68779287 20815462 26543951 9936774 41866856 9182158 93386480 7195138
25307057 105805523 13184479 10127688 1697416 6264343 9658563 31883674 56920750 8320398 9976382 20752637 8769601 60243568 62649492 14137725 10134115 14928827 324371 2452972 13119288 1967161 52348915 9377296 7880079 3859574 3651271 38230921 39764565 830100 112888094 26013447 5101850 9321868 4134210 47262437 9965949 12543763 7176766 21510207 38303515 18685125 45470041 10994249 31472737 63377387 3030769 8546324 121346446 20511426 1213363 81347 30464559 19251391 23812288 34751556 11884709 13901840 73939708 7727822 28604871 7797158 18481698 639744 69540182 18472071 12212761 220409905 34358052 14029173 65688954 23979894 27024264 92798575 30208762 6357009 24838795 10001869 46942287 19042281 70069639 194899492 1530477 1674076 17831195 6810476 90142090 94187914 17297688 31631278 10505059 24958164 16873721 26403717 17432647 70248969 525304 5680857 29609684 26295262 26128484 47105790 91882594 106306170 63355576 24783028 26883482 21896849 60671235 6329402 44966366 14354011 96071783 19239628 10272036 26560855 27163352 13288898 19302769 39845873 15048002 27802395 17978247 56573163 333147 44986395 12734128 7195138
423068121 62454927 1029664058 133876243 211183678 12745232 63025095 917829424 4625899 74719064 42639854 69975359 16427246 87892374 70121820 326804594 319512206 621295329 154681105 292971579 421458252 62445198 638267925 388510154 10565276 12426897 185412593 74468937 27767680 61882012 131192657 79721145 270371496 251306921 127028009 528013903 489817755 193678966 148866273 188968461 736345807 49685976 195400915 10994249 153518790 84555516 245517888 409954112 161185336 7881288 185862551 155327116 31534853 19251391 196275384 1313227560 293391853 65187339 147646539 132944119 71529919 108906472 80934797 18422277 54499212 445907976 647869766 179099097 16285441 47859585 90956381 146037518 287131702 137005738 2340465 165599969 537658706 57001644 46942287 144787801 104240230 348861773 25516693 380452986 224825434 546773138 192456386 169561454 435158391 426822890 252685656 1047372478 173129790 410137587 223333888 47119503 525304 23378326 172232366 68366365 456837398 317937780 645014034 188089620 49199522 337048525 70763181 237886721 171055714 240174151 319790674 15610862 376801378 84517776 373101111 1136134727 506847844 33196341 406876254 216194771 116331093 443917190 219852705 386756215 403383703 135845597 616216878 530970964
7802148 62454927 13184479 25716779 53413721 12745232 14838473 128351971 4625899 4897018 85158702 94582524 16427246 60243568 70121820 104747425 33948655 21040367 30881930 2452972 248253159 28835973 145626251 27573323 10565276 12426897 3651271 132782941 31145184 91804719 49586604 129034955 48336600 44638705 4134210 91127844 10371339 12642616 82664474 41776538 73003069 22998340 318750 10994249 58488048 25950560 22831961 50414858 161185336 7881288 1213363 23627116 31534853 62824951 37944465 56349515 95929739 65187339 57309325 7727822 11719547 7797158 72958476 18422277 21542479 23289999 511586811 39765831 13103779 14029173 60036345 146037518 41380029 92798575 2340465 95751201 31139230 10001869 46942287 1891760 73136182 194899492 1530477 57931050 154448857 6810476 29683805 74664367 73523564 9547829 231399496 41296607 52130229 26403717 26032187 7587559 525304 230186001 90600284 83799695 176363004 8050079 49376558 113651787 49199522 67413789 70763181 21896849 105847073 144974941 19447582 14354011 100634087 122082491 373101111 8714253 27163352 60711029 95904756 46665413 4851042 160533541 62442620 15494163 333147 47577510 76318501 94807891
32184365 55825328 13184479 25716779 25977614 3766471 4574109 21861454 3414523 53515098 5386105 21263790 978533 60243568 31041763 105978435 33948655 46044910 19870032 2452972 176802299 28908121 4212015 7876632 767256 12426897 3651271 53564187 132894600 43630537 131192657 30547793 10794924 44638705 15409887 28939109 23836715 12642616 20522068 12902880 20506322 22998340 37458697 10994249 10370632 18290164 12519816 11453726 39446 7881288 80348341 6737576 23157198 62824951 14504135 56647704 35817613 8453771 2595534 25135066 11719547 42174840 18481698 639744 50002926 5310577 27632901 1726340 6453246 14029173 20660139 51602334 4680196 10107079 2340465 34966892 17119519 57001644 27302063 19042281 46004037 23780590 1530477 14299944 87670488 24375973 34076539 122026186 1415293 31631278 49641441 31151434 52130229 14004865 30508516 35740991 525304 22913937 147583479 32585371 61108067 101720621 3734865 3136695 7121639 115105956 36300009 25348046 30913729 37043979 59080319 11846597 37675489 122082491 59847376 26560855 9353080 10140183 26402681 67236444 116331093 48340644 37292664 15494163 333147 38768208 22815214 7195138
7802148 62454927 81099662 476870224 1868056 12745232 244229333 128351971 4625899 83349463 85158702 139299112 16427246 123417543 7297121 142713001 44034934 21040367 44920927 2452972 50053353 305966298 158619337 359812180 118813739 12426897 113431928 215277784 107696202 91804719 124804050 129034955 48336600 52473952 127028009 34661865 87890603 12642616 82664474 235782843 121410873 49685976 227001007 10994249 30093416 84555516 35594242 197632656 168456209 7881288 49794506 233346600 15999458 78958124 375678113 56647704 33015699 65187339 147646539 25135066 46651506 79721888 18481698 18422277 21542479 37029247 15569611 39765831 34358052 47859585 90956381 146037518 29734872 220796323 2340465 61560173 31139230 3300704 46942287 19042281 205069609 65387561 25516693 46468038 269851675 34164510 400898398 169561454 73523564 9547829 22907215 29060417 211695144 26403717 122005283 41046619 525304 71097120 131482089 37258469 106018825 64539980 300194047 63415904 44750856 135708443 101194937 213234362 17106983 159870036 8553702 15610862 335109602 63077518 289584465 8714253 27163352 44867521 15375035 50069796 116331093 527591882 380871940 117513337 41866856 73991092 139903757 7195138
5876842 80770947 27535737 6660046 61307765 12745232 28813068 31883674 66191506 42287965 78593806 72209866 6247353 60243568 124911808 40743048 91532780 101694735 17426332 2452972 27767814 62445198 52348915 25917929 10565276 96233202 3651271 38230921 9592355 52454349 49586604 34028444 60373192 26067121 33823355 6067311 42541170 12642616 21253027 16149865 78253264 22998340 45470041 10994249 58488048 103339238 5742133 69774454 129624484 63981367 58094869 69986434 15999458 19251391 59798562 34751556 6205166 63168311 2595534 7605901 34157257 34021208 18481698 639744 28953580 61807293 15569611 114624664 34358052 47859585 65688954 23979894 70466552 48598033 65760720 76865966 24838795 57001644 12272725 19042281 230729 12852549 25516693 1791382 17831195 24375973 75167144 31180241 17297688 59231088 12135679 47909979 19123433 26403717 2461488 35409055 525304 43637846 3434318 37130642 26128484 44450792 275195980 22446573 55427558 115105956 103061330 11607450 17106983 127311158 44966366 76557243 21140199 19239628 26057859 112721856 27163352 20687292 95904756 3788776 15048002 27802395 61437471 87604620 29715777 46058541 12734128 7195138
25307057 22236352 13184479 10127688 53413721 12745232 4574109 21861454 4625899 30427726 96537563 99081003 42999441 2507509 70121820 58620340 13032038 15767900 22218893 2452972 13478717 62445198 26202121 100851955 10565276 32043842 3651271 74111278 4503001 91804719 5804463 57635847 6919521 15195325 33823355 29117489 42541170 12642616 20522068 21510207 50981624 22998340 4327029 10994249 8887445 83457296 10155181 88329658 43661045 95211786 18646979 6737576 31534853 19251391 14504135 34751556 124128235 65187339 2595534 1108540 28604871 37026474 18481698 639744 54499212 16417600 16359948 98238235 34358052 14029173 40824056 1689832 12602546 92798575 53854563 6313383 56218959 41189854 46942287 19042281 80967414 11854821 1530477 73190998 87670488 12213438 86638268 6708668 280571979 10163626 10505059 19829171 19123433 26403717 32907912 26516015 525304 43637846 8073821 32585371 5022714 1612961 30068325 59212733 50679498 52826067 1055109 41749943 30913729 45996548 44966366 11846597 77745632 16026452 91019264 26560855 27163352 10140183 23542082 73748548 116331093 181717851 37292664 47091847 333147 634538 51647069 7195138
25307057 71260851 13184479 10127688 1868056 6264343 41110479 21861454 4625899 29667783 86101458 76014680 4005873 2507509 70121820 27628122 13032038 14928827 2277172 2452972 50053353 43068365 26202121 7876632 10565276 107719224 3651271 11041564 21440965 22254634 34640093 26385027 6919521 89659124 15409887 4823059 9965949 12543763 4581611 41776538 71218020 22998340 36214858 10994249 10370632 25950560 13243896 13212473 29029994 6851675 50762164 6737576 15999458 19251391 77475343 34751556 58023042 63168311 20031371 1108540 11719547 7797158 1569033 639744 28953580 85876235 10233788 10292867 26566166 14029173 15568912 1689832 12602546 73097370 3630710 6313383 71787010 8024822 24773281 19042281 14950221 6234294 1530477 20506539 43333592 24375973 93505190 6708668 30141463 31631278 10505059 19829171 52130229 26403717 20413035 26516015 525304 18284558 8073821 45228631 3631533 1612961 30068325 52486665 3762421 52826067 5969938 21896849 5054040 22498706 13312217 14354011 21140199 11245394 45573112 18196373 254282 85800964 23542082 64222629 116331093 63084460 37292664 15494163 333147 634538 46256733 7195138
25307057 80770947 7787371 81152968 26365713 3766471 116860100 21861454 66191506 53515098 96537563 20752637 79197516 60243568 89770486 19850611 148425206 496628 3942631 2452972 32608266 112664305 4212015 63015175 79714228 98398876 3651271 140960170 34580039 68631813 49586604 98014717 10794924 34187238 15409887 5837006 531394 856069 20522068 41776538 24095429 22998340 3782314 10994249 10370632 25950560 22831961 38117314 179190894 99544281 26324218 6737576 15999458 19251391 30510119 34751556 11884709 16280016 28912065 14333510 42175051 104781942 18481698 639744 1995120 61603067 12671820 1214311 34358052 47859585 18820445 90494309 70466552 207950048 53371650 27613905 22681292 39517679 46942287 19042281 80967414 97650771 25516693 46468038 224825434 43074351 53388804 104083857 73523564 17969640 10505059 5018778 5209575 4601537 43085331 2986019 525304 168914902 61498447 97141871 61108067 53533371 30068325 26505004 63355576 58806719 102388412 64077622 17106983 56973775 44966366 38057834 120046179 5566258 16186721 72133188 9353080 13288898 26402681 71015624 28879325 21330747 30125734 101529862 45859327 44986395 55034387 7195138
