25307057 92011327 43544098 10127688 128249512 12745232 127381697 21861454 42014630 63433455 60514791 20752637 978533 60243568 175004351 72742280 26646649 21040367 22218893 117433863 58278269 112664305 38603101 25917929 23574465 74970466 3651271 33485511 34580039 46729682 29328452 120155762 11150920 34187238 15409887 15454990 42541170 9216021 20522068 12833290 88399414 18685125 37458697 10994249 58488048 25950560 22831961 38117314 46674701 20511426 69234482 6737576 31534853 28704027 10808626 8595620 38602747 24579468 39877518 14333510 5917412 7797158 5547605 639744 84515217 47689911 16707736 1214311 34358052 47859585 55017059 51180145 160986888 15284069 13435335 61560173 57976300 32279652 46942287 19042281 75836627 46248767 11411490 13750444 57355608 43074351 44503946 169561454 17297688 29179568 10505059 90798279 19123433 6562987 17432647 19000008 525304 43637846 29609684 17509633 26128484 53533371 3734865 24525915 12812824 67413789 91040125 80951000 11760582 17464270 86030890 23102968 43491686 1675404 26057859 35915497 24133380 10140183 33168778 57614512 116331093 8641394 26543951 5174337 35403493 44986395 12734128 7195138
25307057 145086356 13184479 81152968 113630382 12745232 94085438 32222110 56920750 40510848 25791193 20752637 72685474 60243568 147814790 262192652 8323503 91356732 495536 117433863 50053353 46249208 269975798 158662168 10565276 98398876 3651271 42856167 27767680 46729682 73340517 129034955 18916988 34187238 33823355 64516342 42541170 12642616 66535980 12902880 88399414 18685125 167648553 10994249 31653847 18290164 13243896 94669343 161185336 12631220 202631843 69986434 15999458 28704027 77475343 56647704 38602747 65187339 31485026 25135066 86184462 7797158 18481698 18422277 28953580 47689911 15569611 220409905 16285441 14029173 89636330 69789378 52119408 266554708 14849967 61560173 308132942 39517679 46942287 19042281 80967414 194899492 1530477 46468038 17831195 43074351 34076539 106145519 382822841 31631278 10505059 47909979 51940969 26403717 20413035 47119503 525304 93020867 61498447 68366365 176363004 53533371 37010980 432737745 63355576 67413789 5969938 64239091 17106983 94674512 128585748 14354011 31595490 56638720 205058911 89781677 27163352 28639394 39550065 49883072 116331093 44349684 143167922 61804304 333147 924313 128134414 7195138
1441229 49308599 13184479 10127688 62307309 3820698 27886755 21861454 490249 47536099 5386105 51061009 978533 2507509 9279470 14137725 33948655 21040367 22218893 24463862 9504163 39884000 26202121 30300967 10565276 8060425 3651271 38439432 19219432 91804719 44874489 30547793 6919521 12217976 15409887 22636154 42541170 351045 20522068 1548359 9018652 22998340 4226640 10994249 14182174 18290164 12519816 53239987 90985235 95187626 1213363 6737576 8476056 12292136 19197210 76367236 7325136 24579468 37450946 3666051 28604871 22378755 72958476 639744 28953580 23289999 7590338 40073835 1159000 14029173 16255661 14483268 70466552 9990529 113667765 15333153 57118894 35719603 23683780 19042281 73136182 50300872 1530477 17392088 6558744 6810476 182237465 84083297 17391524 31631278 10505059 4630572 52130229 26403717 12123580 26516015 525304 43637846 2969958 18380948 10466979 4716912 3734865 95059080 36790648 52826067 36218127 21896849 17106983 36809230 86030890 7393117 100634087 19239628 42988977 26560855 294428 29444054 29354803 17481623 4851042 27802395 26543951 63777780 333147 45821498 4361437 7810179
25307057 70141768 13184479 25716779 1868056 12745232 121759699 57256952 56920750 40510848 86101458 148748435 79197516 60243568 9253508 14137725 33948655 21040367 19255214 30894791 102025781 1967161 162746645 70823535 23574465 107719224 3651271 55945292 34580039 43809909 49586604 84563400 48336600 44638705 33823355 37885013 42541170 12642616 73945828 1548359 20105540 18685125 73746094 10994249 17335605 130665833 10211956 100859830 24912182 95211786 1213363 23627116 31534853 31391330 77475343 56647704 134498996 5566806 2595534 1895617 11719547 7797158 18481698 18422277 52443614 6426421 12671820 1726340 26566166 14029173 89636330 61803817 44573994 92798575 124983132 27613905 193034126 35719603 46942287 19042281 73136182 128474572 1530477 73190998 17831195 6810476 107919414 104083857 100971926 31631278 10505059 47909979 19123433 26403717 26032187 35409055 525304 145133065 4397634 657041 75917444 1612961 38405348 84531635 50679498 56141559 102388412 21896849 47737602 18002778 139649599 14354011 100634087 56638720 10272036 5189076 27163352 20687292 56035551 71015624 72369879 27802395 49321425 15494163 333147 46058541 5651990 7195138
25307057 80770947 13184479 2042686 132721297 7270023 27886755 28509606 42014630 42287965 86101458 63726466 30437969 60243568 185660087 14137725 10134115 21040367 23176980 2452972 31642479 1967161 49681799 27573323 10565276 91502459 3651271 74111278 27767680 43809909 49586604 40979262 33332974 22002364 15409887 19523514 42541170 12642616 22888321 1548359 20105540 949181 36214858 10994249 55250810 25950560 22831961 6648013 79945968 6851675 49794506 23627116 31534853 39235114 23812288 68462468 94759044 24579468 76668448 7727822 4381667 7797158 72958476 639744 50612659 75280922 7590338 63537099 16285441 7336867 9647442 61803817 18629517 92798575 99847031 50595160 112853756 35719603 13914220 19042281 76376298 23780590 1530477 46468038 17831195 24375973 75167144 94411635 17391524 31631278 10505059 4630572 38847185 26403717 21316887 14717868 525304 24380233 41450816 73017431 106018825 128279081 19660636 9525857 11962605 67413789 100207325 21896849 33363266 45996548 51939251 14354011 100634087 39710560 10272036 26560855 27163352 73912660 26402681 5691197 68779287 33183095 26543951 9936774 333147 31986332 4361437 14014346
5254208 167430615 13184479 2042686 62307309 12745232 41110479 5519376 37912860 15916153 64739478 29444805 978533 25874715 11704040 68497236 8323503 14928827 495536 2452972 32608266 39884000 29463624 16695132 10565276 12761519 3651271 38230921 8028041 1077159 44874489 68925280 18916988 34187238 10293882 4823059 28177608 12543763 2648421 21510207 9018652 949181 10570810 10994249 10370632 25950560 14056526 11453726 19102632 12631220 64122307 20356959 2979882 12990612 14504135 34751556 37961991 5566806 1479183 7727822 11719547 7797158 18481698 639744 28953580 63665975 2944257 1214311 1159000 14029173 47358698 71968191 41380029 81464323 53854563 27613905 13862978 57001644 33595626 1891760 15908477 21205984 1530477 3817576 29075931 26293371 75167144 98350837 17391524 1398102 10505059 1896021 19123433 20743087 20413035 26516015 525304 22716938 4040924 11421731 61108067 1612961 3734865 69599815 11962605 67413789 102388412 72616918 10609440 16490151 44966366 11846597 25740644 55060496 40951625 12324686 17260024 4800034 11591887 49883072 12412427 7372651 5586972 9936774 333147 44986395 4361437 7195138
28524754 231972810 13184479 10127688 61307765 12745232 83009053 82152929 19732660 40510848 61761777 113595566 29130529 60243568 7297121 14137725 13032038 21040367 75816273 2452972 58278269 62445198 51976552 100851955 10565276 107719224 3651271 38439432 15748529 91804719 20435841 20983666 48336600 89659124 15409887 41005946 30247338 12642616 36209994 40585097 88399414 20255823 45470041 10994249 58488048 25950560 13243896 97607898 17715319 95211786 18646979 69986434 14517516 9012649 15202316 56647704 33015699 65187339 73939708 18189072 28604871 37026474 18481698 639744 13982952 75703294 107585893 98238235 13103779 14029173 89636330 21408447 44573994 48598033 142335386 569983 112853756 35719603 24773281 19042281 62638233 36181218 1530477 46468038 224825434 26293371 93505190 104083857 226781195 31631278 10505059 17312904 18350450 26403717 22816442 7587559 525304 43637846 84866263 45586308 26128484 11289837 141599429 84963230 50679498 172537095 83021782 21896849 105847073 45996548 8263329 14354011 148407520 19738654 334107521 26560855 27163352 60711029 23542082 26070201 15048002 6850379 83230881 140222151 333147 634538 69179207 7195138
25307057 80770947 13184479 10127688 127849478 12745232 38921505 21109595 4625899 40510848 86101458 20752637 79197516 25874715 70121820 92460705 33948655 14928827 75816273 2452972 58278269 112664305 52348915 100851955 62366688 107719224 3651271 38439432 8028041 91804719 49586604 83718986 54332702 89659124 10293882 137035955 42541170 12543763 91444066 41776538 41195044 22998340 36214858 10994249 14182174 79704819 13243896 100859830 57315994 33921680 40019893 69986434 31534853 53715824 77475343 56647704 59362181 65187339 20031371 123663484 64657009 45010464 18481698 639744 54499212 207369305 77993117 40073835 45320994 14029173 15568912 61803817 44573994 92798575 4433720 95751201 123663552 39517679 46942287 19042281 80967414 5665244 1530477 2709078 71957464 34164510 93505190 122026186 73523564 31631278 10505059 41296607 51940969 11173529 171245654 44618434 525304 43637846 4040924 32585371 30169788 132820310 127817669 84963230 11962605 52826067 139771717 128093042 105847073 45996548 16238293 14354011 18317025 122082491 154265284 26560855 27163352 10140183 23542082 73748548 116331093 33183095 52182823 204632203 333147 73991092 34843373 379190
11277460 11028826 13184479 12736657 35149633 12745232 70660080 10235589 56920750 12466007 25791193 21263790 55918317 60243568 97401798 134433718 47445943 21040367 2277172 79851102 120464517 28908121 51086029 22676280 10565276 40740797 3651271 3049245 132894600 38701711 131192657 129034955 48336600 89659124 33823355 252417134 30247338 12642616 22888321 11720416 88399414 22998340 36214858 10994249 58488048 33136468 22831961 100859830 60749124 6851675 1213363 23627116 31534853 5379594 18828718 56647704 11884709 39456455 26889552 25135066 11719547 45010464 18481698 639744 218616750 42222462 68285057 40073835 34358052 14029173 55017059 30871820 27024264 18739391 225398724 61560173 17119519 41189854 30208209 19042281 73136182 97650771 1530477 46468038 29075931 6810476 5401967 22094199 73523564 31631278 10505059 41296607 268884 26403717 24965685 47119503 525304 48107017 84866263 6641461 26128484 1612961 37010980 76939731 11962605 30722801 103061330 76583435 47737602 22498706 134618993 14354011 174533474 20175914 272749956 18196373 17260024 13288898 105794160 73748548 56958103 32051171 83500532 15494163 333147 224557345 100354209 7195138
25307057 197073848 85449535 6660046 141792690 12745232 4574109 21861454 103058441 47536099 16334147 69975359 79197516 2507509 121470719 169203855 213779122 149382417 22218893 84270909 7327030 99133450 26202121 11720078 105697146 49052086 3651271 74111278 105624743 91804719 131192657 158462736 6919521 23358658 15409887 51044122 229346179 78285592 20522068 1548359 20105540 177693069 24074876 10994249 14182174 25950560 5742133 117398122 297924394 95187626 50762164 6737576 31534853 19251391 19197210 225964790 118058438 65187339 68542848 132944119 11719547 22378755 47706506 18422277 330597298 23289999 33048166 1726340 16667829 14029173 55017059 61803817 44573994 137005738 114611956 92028265 98843825 41189854 46942287 2065029 62638233 99356155 1530477 73190998 6558744 27963670 223229195 169561454 73523564 10947694 10505059 41296607 52130229 26403717 109073630 87006231 525304 82531548 131482089 37130642 91679481 138812540 30068325 304478262 50679498 52826067 175907874 163115102 30913729 153506225 86030890 14354011 211991783 84517776 312950366 10651469 58694447 11909961 143681377 124730555 4851042 10486447 37292664 15494163 41866856 160678947 51647069 48230197
25307057 118902555 1494278 11785676 141792690 27688260 20589325 134576869 217059630 146280687 96537563 12963051 79197516 55783751 89770486 104747425 246130893 44193503 144968318 117433863 233881102 112664305 332019459 27573323 121879454 107719224 3651271 210653179 27767680 15968279 131192657 129034955 60857595 89659124 33823355 26295976 531394 12642616 91444066 24506221 26639431 22998340 227001007 10994249 58488048 60132306 35594242 45119693 46674701 101046867 187573943 69986434 31534853 126725316 194171710 56647704 155926310 224241606 115229068 25135066 5917412 23506131 18481698 18422277 203257894 288805913 56729395 40073835 16285441 79102703 158343078 186966610 44573994 32719423 14849967 61560173 99178107 55909980 46942287 2564538 62638233 86037024 245734902 46468038 246239835 3019997 350658583 104083857 73523564 189969156 10505059 41296607 24499212 26403717 361527823 113218494 525304 82531548 256846841 182574602 75917444 33817585 127817669 231917831 46775962 115105956 100207325 79227272 42740307 94674512 152786592 62543456 31595490 21553205 85050080 31766385 27163352 3687058 128825444 71015624 116331093 44349684 262226055 185909872 28117407 924313 93320903 7195138
25307057 231972810 13184479 24160978 1868056 12745232 13246730 21861454 56920750 6196322 92324269 1035279 8769601 60243568 79876633 57885213 32668428 72722152 22218893 24611985 31642479 112664305 23128378 4907306 43357195 14684422 3651271 38230921 14799785 91804719 11330906 19952968 128865946 91918047 33823355 30337734 28521689 164207805 897633 14356518 29513133 22998340 318750 10994249 55250810 49633329 35594242 16739789 12551448 29941366 22638957 6737576 31534853 19251391 15300264 34751556 37734115 65187339 35673074 25135066 16212043 19920676 18481698 18422277 68342982 5807601 37546113 10239746 1159000 7336867 88368610 200886872 175291944 33263364 9926118 36693107 227831938 57001644 46942287 19042281 11050417 10575187 1530477 24216855 25390362 9700473 36045854 102561112 19659980 31631278 10505059 11695249 8181043 26403717 91986736 70248969 525304 19414064 205191798 101090927 26128484 51653638 30068325 3136695 63355576 43778748 139771717 127256729 18898318 13390799 44966366 2626805 25740644 122082491 212449 76708615 76474386 8546323 19411598 39845873 68779287 33183095 33750771 61804304 333147 39845646 55034387 7195138
25307057 186488636 13184479 10127688 125816887 12745232 75788177 57256952 56920750 53515098 96537563 148748435 79197516 60243568 159019154 113360577 8323503 15767900 23176980 2452972 52009772 62445198 52348915 22676280 10565276 138852475 3651271 61273900 5309122 43809909 49586604 129034955 18916988 44638705 15409887 159136884 42541170 12642616 91444066 41776538 88399414 22998340 162112014 10994249 58488048 25950560 10155181 94669343 161185336 6851675 50762164 28543647 31534853 19251391 23812288 68462468 210888602 5566806 18685279 109022549 42971228 76023865 72958476 639744 96844878 44454484 15199697 1726340 26566166 7336867 9647442 57529486 12602546 92798575 65760720 85755716 193034126 41189854 46942287 19042281 76376298 65387561 1530477 57931050 29075931 24375973 75167144 104083857 73523564 10163626 10505059 41296607 19123433 26403717 19975656 47119503 525304 43637846 147583479 77231296 75917444 1612961 127817669 76939731 44750856 81831463 55734127 208850795 46320946 37043979 141763510 14354011 173005413 122082491 45573112 18196373 27163352 4800034 49800914 48583318 116331093 23980959 26543951 97881756 333147 31986332 57739928 7810179
25307057 231972810 13184479 10127688 61307765 12745232 75788177 134576869 19732660 42287965 39893672 136129608 30437969 60243568 91435830 29485153 13032038 21040367 495536 2452972 13478717 62445198 47888397 30300967 10565276 83929890 3651271 42856167 9592355 20656453 20435841 34028444 48336600 44638705 15409887 134597287 42541170 12642616 36209994 41776538 88399414 18685125 45470041 10994249 58488048 25950560 22831961 100859830 161185336 12631220 49794506 69986434 31534853 34820669 77475343 56647704 124128235 24579468 21212413 18189072 28604871 7797158 18481698 639744 13982952 61807293 16359948 98238235 34358052 14029173 55017059 23979894 39710019 81564819 55913100 569983 17119519 41189854 24773281 19042281 53671272 12852549 1530477 73190998 17831195 26293371 75167144 4095465 212077939 31631278 10505059 47909979 19123433 2141977 22816442 12942705 525304 43637846 8073821 39996534 73534345 11289837 92845158 59212733 50679498 67413789 75116546 48846437 105847073 37946007 115039879 14354011 148407520 39710560 173207653 92713001 27163352 28639394 23542082 71015624 15048002 6850379 26543951 29680968 333147 73991092 128134414 7195138
25307057 60846274 13184479 10127688 132721297 4642707 27886755 25101055 21697405 12466007 5386105 21263790 6247353 49611301 97401798 39005895 34872738 21040367 2277172 2452972 21689838 62445198 52348915 22676280 10565276 8060425 3651271 62992169 8961921 68631813 10751486 30547793 34397746 44638705 15409887 32556167 42541170 12642616 25382831 21510207 88399414 22998340 12751524 10994249 58488048 25950560 12519816 53239987 12551448 95211786 50762164 20448712 23157198 80927686 22373149 88989564 11884709 42245718 16845068 7727822 5172686 22378755 72958476 639744 50612659 5310577 7590338 1726340 34358052 14029173 9647442 14483268 27024264 18739391 9926118 36693107 57118894 55707785 13914220 19042281 50824214 21205984 1530477 1791382 15084638 20754028 33734184 94411635 17391524 31631278 10505059 4630572 16873721 14004865 2461488 26516015 525304 43637846 55856292 30479784 89439464 88356753 37010980 3136695 44750856 50750034 36218127 25348046 105847073 45996548 59080319 14354011 79524838 19239628 42485265 18196373 17260024 13288898 29973046 15022866 4851042 33183095 59213041 9936774 333147 18314621 4361437 7810179
25307057 5389782 13184479 6660046 61650166 12745232 27886755 28509606 19162425 27470127 74503180 57106140 65689087 60243568 45618663 33513086 33948655 15767900 4583727 49656573 32608266 1967161 52348915 27573323 10565276 40984347 3651271 49922823 5309122 73063684 49586604 79721145 54332702 44638705 15409887 56322681 30247338 12642616 47801243 1548359 20105540 949181 32891874 10994249 10370632 25950560 1295398 45119693 73540937 6851675 50762164 69986434 31534853 96580360 60255348 34751556 49048942 24579468 60526524 21594731 20686970 7797158 18481698 639744 4994438 10394921 76900304 1726340 26566166 7336867 7624649 43959696 27024264 34873203 3630710 604362 13862978 55496247 24773281 19042281 80967414 65387561 1530477 57931050 29075931 24375973 5401967 60896596 68261326 1398102 10505059 15349394 16873721 26403717 26032187 20477346 525304 43637846 9128698 7956546 60218234 42706433 72486534 57224477 40158826 67413789 87698504 92305755 37304169 45996548 44966366 14354011 2607330 5566258 10272036 296990 27163352 47559483 9701078 45474480 3624144 16542182 26543951 13790828 333147 39014961 5651990 7195138
11747663 80770947 13184479 10127688 489746 12745232 41110479 117500891 19162425 12466007 5386105 99081003 978533 57504418 114166237 134433718 13032038 21040367 2277172 49656573 58278269 62445198 44717486 35950919 10565276 40984347 3651271 74111278 23909840 91804719 34640093 30547793 33332974 44638705 15409887 51044122 42541170 89532648 47801243 1548359 20105540 6178871 4327029 10994249 58488048 25950560 22831961 53239987 161185336 6851675 31540129 18658468 23157198 12292136 18828718 34751556 124128235 65187339 51463389 1108540 28604871 19133139 47706506 639744 36344307 44454484 41722722 1726340 34358052 14029173 40824056 1689832 12602546 48309347 74781109 6313383 71787010 41189854 23683780 19042281 80967414 11854821 1530477 46468038 17697371 18378398 5401967 104083857 40476885 24162438 10505059 19829171 52130229 16413849 101511040 26516015 525304 43637846 93765590 45228631 26128484 53533371 3734865 113651787 63355576 30722801 55734127 41749943 39989206 80274373 44966366 14354011 2607330 16613775 106630785 26560855 58694447 29444054 23542082 36079580 3624144 33183095 64592319 47091847 333147 634538 100354209 14140776
