25307057 197073848 79794134 10127688 61307765 12745232 4574109 32222110 19732660 41148742 96537563 61642987 978533 60243568 87307397 77952756 8323503 14928827 30881930 2937948 50053353 43068365 37173556 100851955 10565276 107719224 3651271 38439432 34580039 1077159 44874489 13554013 18916988 2727417 15409887 15454990 9256830 12543763 22888321 21510207 49431367 18663644 45470041 1178131 14182174 25950560 22831961 33276918 66184978 42492658 50762164 23627116 1704005 19251391 77475343 34751556 11687613 65187339 18685279 1108540 11719547 63582404 3077044 639744 28953580 47642187 15569611 38871980 34358052 14029173 15568912 1127723 12602546 81464323 13435335 27613905 71787010 55496247 30208209 19042281 58265887 23780590 1530477 46468038 29075931 34164510 34423398 96388287 77355447 10163626 10505059 47909979 6358250 26403717 19975656 26516015 525304 35855540 9128698 32585371 60069340 1612961 3734865 84963230 3762421 86109224 55734127 4804863 17106983 73730568 44966366 14354011 31595490 11245394 119159586 60034270 19367702 10140183 23542082 49883072 106298254 118459079 83213198 15494163 41866856 634538 110966670 7195138
7802148 195884080 13184479 10127688 18007067 3766471 27886755 21861454 37912860 40510848 86101458 46222600 4005873 60243568 89770486 14137725 8323503 21040367 2277172 79851102 50053353 10393610 4212015 22676280 23574465 12761519 3651271 38439432 23909840 1077159 27838302 23596959 10794924 44638705 4134210 4823059 9256830 12642616 20522068 21510207 9018652 949181 36214858 10994249 11139440 25950560 22831961 33276918 4125588 54761824 1213363 6737576 2979882 9012649 4027970 14144560 6205166 65187339 20031371 7727822 28604871 7797158 4330895 639744 7198878 63665975 12671820 1726340 18680976 14029173 9647442 23979894 18246139 44666007 13435335 604362 13862978 10001869 24773281 19042281 73136182 6234294 1530477 33473353 29075931 6810476 8252532 94411635 38042837 1398102 10505059 15349394 16873721 26403717 20413035 44618434 525304 43637846 1168472 68366365 118435665 1612961 30068325 32825289 11962605 67413789 36218127 21896849 10609440 45996548 8263329 14354011 100634087 63958582 154890939 18196373 254282 24270063 56035551 26070201 116331093 33183095 37292664 61804304 333147 60001455 40359209 7195138
32184365 71260851 13184479 31312792 1868056 12745232 49886661 21861454 8868214 83349463 31136352 39504374 4005873 22542142 175004351 27628122 13032038 68369905 2277172 2937948 50053353 1967161 38603101 22676280 29610799 2470502 3651271 38230921 4503001 91804719 32332222 20611320 54332702 81637858 15409887 4823059 28177608 173681040 20522068 12833290 88399414 18663644 36214858 10994249 11139440 25950560 12519816 33276918 140705999 39786373 49794506 6737576 15999458 105388471 77475343 14144560 35817613 65187339 26889552 14333510 30700059 45010464 4330895 639744 28953580 8304383 15569611 1214311 2473688 14029173 15568912 18317134 44573994 220796323 95751497 30146967 229749760 57001644 46942287 19042281 62051422 6234294 1530477 73190998 3546525 27963670 24458163 61836484 73523564 31631278 10505059 41296607 14326384 26403717 20413035 70248969 525304 18284558 37632716 25002800 3631533 44075048 30068325 60806267 11962605 86109224 96707286 25348046 17106983 45996548 16238293 14354011 25740644 48472190 10272036 618915 254282 29444054 9701078 5610415 72891166 33183095 37292664 61804304 333147 83232211 22815214 7195138
25307057 68157095 25981485 73028476 1697416 12745232 41110479 21861454 66191506 53515098 114273612 72209866 79197516 2114491 105180287 40743048 8323503 14928827 22218893 2452972 198509097 112664305 26202121 7876632 23574465 3859574 3651271 38439432 110001238 57124704 49586604 92081235 6919521 35634218 15409887 155836039 23836715 12543763 20522068 41776538 88399414 18685125 19154957 10994249 58488048 25950560 10211956 3761101 84964436 95211786 50762164 6737576 31534853 31391330 95912 88989564 58023042 63168311 93608448 123663484 64657009 7797158 5162433 639744 73572541 177434668 12212761 1726340 26566166 14029173 88368610 61803817 70466552 92798575 34509554 76865966 24838795 18217551 34429946 19042281 70069639 17715920 1530477 20506539 6558744 95095272 4605918 16688503 38042837 114795758 10505059 41296607 12746201 26403717 26032187 218079210 525304 97773411 5141649 28791299 118603718 1612961 30068325 69525999 63355576 52826067 137264658 72616918 46320946 122122688 86030890 14354011 21140199 56638720 109648018 26560855 58694447 28639394 19302769 49883072 24421901 44349684 37292664 126250942 79634914 73991092 51647069 7810179
25307057 220660038 81099662 32524982 1868056 12745232 82840371 191772431 103058441 84276612 78593806 52428698 30437969 18333186 197445510 104747425 21277086 14928827 23176980 2452972 10006387 112664305 8661516 11720078 23574465 70479450 89048660 176648477 9592355 81702196 72173373 42035752 48336600 14531873 33823355 277250787 87890603 12543763 22888321 41776538 88399414 18685125 51911753 10994249 58488048 118371802 85853728 26096331 168456209 72628100 49794506 33480108 31534853 19251391 23812288 34751556 33152780 24579468 130950525 109022549 127338624 7797158 72958476 639744 36344307 74666385 50179954 161994986 7504939 7336867 65688954 36667578 50039990 128402046 14849967 95751201 14233874 18217551 46942287 19042281 171961853 23780590 25516693 3817576 68504535 3152700 5657684 31180241 68192863 10947694 10505059 6653033 82920865 7699313 8281822 50144263 525304 75202243 147583479 101090927 73534345 93819976 46333833 25629198 45153869 67413789 152276919 150963902 82184432 94674512 44966366 31359796 31595490 19239628 388747138 10651469 17260024 11909961 36641987 124730555 55835521 44349684 26543951 23092367 69795944 924313 53309237 14140776
25307057 231972810 13596527 12736657 1868056 12745232 135879136 21861454 4625899 79625231 96537563 136129608 8769601 2507509 70121820 134433718 33948655 223145366 495536 44440076 94569193 91858196 26202121 11720078 62335752 24403809 3651271 42856167 34580039 91804719 49586604 129034955 6919521 73375370 97098657 64516342 178077419 12642616 20522068 12833290 49431367 85319504 37458697 10994249 101820067 84555516 10155181 38117314 12551448 12631220 50762164 6737576 31534853 53715824 127322307 56647704 38602747 65187339 111124783 14333510 28604871 37026474 18481698 639744 54499212 104347228 65616693 1214311 13103779 14029173 88368610 23979894 44573994 92798575 9926118 36693107 179379214 57001644 46942287 19042281 167172353 116535000 1530477 1674076 29075931 24375973 75167144 127605469 271422303 10947694 10505059 51413788 19123433 26403717 32907912 7587559 525304 123956089 29609684 69294875 26128484 138812540 30068325 3136695 50679498 24783028 152276919 208850795 60671235 165209059 59080319 14354011 148407520 122082491 127773091 10651469 27163352 11909961 130542942 39845873 5628995 47053114 30125734 75025347 41866856 30262558 51647069 7195138
25307057 165862740 13184479 10127688 70972886 12745232 4574109 21861454 4625899 42287965 25791193 21263790 29130529 2507509 70121820 39867633 8323503 21040367 3942631 2452972 32608266 39884000 26202121 35950919 10565276 130171359 3651271 74111278 132894600 43809909 131192657 57635847 6919521 58495579 33823355 15454990 42541170 12642616 20522068 28361234 48060875 22998340 37458697 10994249 58488048 84555516 22831961 26096331 142746245 88941641 50762164 2763495 8476056 12292136 14504135 68462468 120254902 36861558 16845068 25135066 11719547 31268806 48466603 639744 28953580 5310577 15569611 82595323 34358052 14029173 55017059 21408447 27024264 18739391 13435335 61560173 14233874 41189854 46942287 1891760 4855817 65387561 1530477 3817576 17831195 75687952 99631473 104083857 68192863 31631278 10505059 47909979 16873721 14004865 54522347 47119503 525304 43637846 66156252 77231296 95636673 838670 30068325 179411005 44750856 52826067 12025196 72616918 17106983 80274373 86030890 11846597 180134112 119759461 138107944 48590568 27163352 80463974 8002705 49883072 112596107 33183095 30125734 15494163 333147 73991092 51647069 93511330
25307057 80770947 13184479 10127688 61307765 6264343 4574109 21861454 4625899 53515098 78593806 136129608 42999441 2507509 70121820 39867633 33948655 18502248 22218893 2452972 32608266 514128 26202121 44564327 10565276 107719224 3651271 74111278 9592355 16445416 49586604 129034955 6919521 44638705 4134210 18818201 9965949 12642616 20522068 21510207 88399414 22998340 37458697 10994249 10370632 25950560 14056526 36036054 90985235 20511426 1213363 2763495 31534853 19251391 23812288 56647704 38602747 10397349 2595534 7727822 11719547 7797158 7172175 639744 54499212 104347228 15199697 1214311 26566166 7336867 9647442 23979894 39710019 61515355 66999989 50595160 57118894 10001869 42388788 16591852 73136182 23780590 1530477 21803868 29075931 6810476 75167144 31180241 73523564 17969640 10505059 23003252 18350450 26403717 21316887 47119503 525304 43637846 29609684 45586308 61108067 47105790 30068325 113651787 50679498 52826067 5969938 116942373 30913729 45996548 86030890 14354011 100634087 19239628 10272036 26560855 27163352 4800034 156417400 15022866 112596107 23980959 37292664 15494163 333147 73991092 51647069 7195138
25307057 127722290 25981485 81152968 111831829 12745232 4574109 263539642 42014630 47536099 123417832 182793919 978533 144323398 218283155 47785271 34872738 15109464 3942631 56324786 177526559 62445198 45419299 70823535 10565276 98398876 23668400 140960170 34580039 43809909 10649237 23596959 26665156 6400241 50513767 13820506 162958090 31597777 163337277 1548359 20105540 20255823 227001007 10994249 293478588 151855204 52170438 38117314 161185336 108497316 57804990 23627116 31534853 9012649 78621666 101438736 43471852 65187339 73899298 7727822 11719547 7797158 7172175 18422277 50612659 75280922 7590338 1214311 13103779 41380539 9647442 20502257 44573994 112276480 108220920 89686461 121856253 57001644 46942287 19042281 92413645 194899492 10766766 65899864 134363995 34164510 187947196 94411635 17391524 143731991 10505059 99391353 19123433 26403717 16993970 7587559 525304 53269324 163262555 68609344 75917444 138812540 3734865 106306170 33977065 67413789 103061330 80288729 30913729 56973775 141763510 44440523 100634087 122082491 326266362 79354060 94463763 191384492 56035551 15022866 116331093 124633602 59213041 15494163 29715777 44986395 4361437 17297813
25307057 14143097 1494278 25716779 5113474 7270023 2230704 76840491 19162425 42287965 86101458 56644708 978533 46633980 89770486 29485153 10453054 14928827 55868886 2937948 37154168 23868756 2316853 22676280 10565276 12426897 3651271 10555134 9592355 36694410 38555877 34028444 48336600 58495579 33823355 22118339 30247338 2564115 21253027 17090491 9018652 18663644 318750 10994249 23172905 84966400 22831961 53239987 58846292 2649287 50762164 39061245 11476717 566964 13791106 56647704 81141997 5566806 16845068 15311041 26937658 7797158 18481698 639744 2240352 7663900 1155304 98238235 11955277 14029173 9647442 14483268 63362492 63556916 2340465 50595160 172244987 18217551 23683780 19042281 50824214 82574987 1530477 21803868 17831195 1351402 45893232 31180241 47283090 31631278 10505059 4630572 52130229 10737561 1115669 26516015 525304 39545151 1168472 5408768 24791827 44450792 3734865 9203328 11962605 67413789 139771717 13429179 10609440 45996548 17159682 13303677 30555622 1675404 99864122 18196373 27163352 47559483 99168958 17481623 15048002 33183095 27839348 54729143 333147 24936974 53309237 7195138
16168513 60846274 25981485 12736657 1868056 12745232 61606283 40805398 19732660 27470127 29120650 20752637 6247353 30429834 9279470 47785271 13032038 19714107 495536 2452972 50053353 16730249 29463624 4017642 24625300 50050627 3651271 10555134 6368490 48794994 51379464 20983666 34397746 23886044 4134210 168599206 42541170 12642616 21253027 37070958 8666279 22998340 10570810 10994249 58488048 63377387 22831961 36213026 39446 12631220 49794506 69986434 15999458 12292136 42003396 20152088 11884709 65187339 5013692 25135066 28604871 7797158 18481698 639744 2240352 6426421 15569611 1726340 34358052 14029173 9143313 51602334 44573994 92798575 63277278 31675416 13862978 10001869 46942287 19042281 22445902 6866459 1530477 21803868 181571994 26293371 93505190 122026186 73523564 1398102 10505059 41296607 4993638 10737561 16993970 74419806 525304 93020867 17380774 9603271 75917444 10352359 91882594 84963230 17641002 67413789 64405659 99578747 17106983 45996548 152786592 14354011 124805475 82037041 45573112 10651469 27163352 11909961 101743876 7024962 19254394 47053114 61437471 75025347 41866856 44986395 12400492 7195138
25307057 220660038 85449535 10127688 61307765 12745232 71000851 153716777 42014630 74719064 97544288 137721496 29130529 60243568 97401798 29485153 84545923 168999860 495536 79851102 13478717 62445198 8936254 91394223 10565276 105898016 3651271 42856167 9592355 43809909 49586604 41013572 168625066 188215803 33823355 41005946 293909036 89532648 143194982 30666936 9018652 18685125 45470041 10994249 35796595 83457296 15681294 88329658 136091965 12631220 50762164 69986434 23157198 12292136 150686984 56647704 37961991 65187339 73939708 123663484 120570078 108906472 18481698 639744 209673289 61603067 146930668 127174997 34358052 14029173 174435428 21408447 27024264 111820948 172793684 53199481 97749809 18217551 13914220 19042281 65697582 18185719 1530477 73190998 62639260 73161060 124627067 4095465 143970406 48626113 10505059 74208780 16873721 26403717 43085331 47119503 525304 43637846 170075 45586308 75917444 31552309 66946499 65332973 63355576 115105956 83021782 243437546 82184432 37043979 8263329 14354011 137223778 15762633 351165572 48042061 17260024 24270063 26402681 26070201 116331093 142199850 73033190 56573163 79634914 232144543 5651990 7195138
25307057 97085922 13184479 24160978 1868056 12745232 127381697 21861454 56920750 6196322 92324269 69975359 8769601 60243568 79876633 57885213 32668428 72722152 22218893 24611985 45830718 112664305 23128378 4907306 43357195 14684422 3651271 38230921 14799785 91804719 11330906 19952968 128865946 91918047 33823355 30337734 22189002 215715107 897633 41776538 29513133 22998340 318750 10994249 58488048 72572579 56789669 16739789 12551448 29941366 22638957 6737576 31534853 19251391 15300264 34751556 37734115 65187339 70653456 38677143 63648451 19920676 18481698 18422277 69540182 142316185 116939858 10239746 1159000 7336867 88368610 61803817 27024264 54332573 9926118 25754237 171604208 32279652 46942287 19042281 11050417 10158467 1530477 24216855 25390362 9700473 36045854 102561112 19659980 31631278 10505059 27864868 16873721 26403717 123578117 87191701 525304 19414064 226320417 26295262 26128484 51653638 30068325 3136695 63355576 81831463 48468141 127256729 10878302 30717310 44966366 14354011 25740644 95693583 88138403 76708615 76474386 8546323 19411598 39845873 116331093 35847596 33750771 112841428 333147 39845646 55034387 7195138
25307057 197073848 85449535 6660046 141792690 12745232 4574109 21861454 103058441 47536099 16334147 69975359 79197516 2507509 121470719 169203855 213779122 149382417 22218893 84270909 7327030 99133450 26202121 11720078 105697146 49052086 3651271 74111278 105624743 91804719 131192657 158462736 6919521 23358658 15409887 51044122 229346179 78285592 20522068 1548359 20105540 177693069 24074876 10994249 14182174 25950560 5742133 117398122 297924394 95187626 50762164 6737576 31534853 19251391 19197210 225964790 118058438 65187339 68542848 132944119 11719547 22378755 47706506 18422277 330597298 23289999 33048166 1726340 16667829 14029173 55017059 61803817 44573994 137005738 114611956 92028265 98843825 41189854 46942287 2065029 62638233 99356155 1530477 73190998 6558744 27963670 223229195 169561454 73523564 10947694 10505059 41296607 52130229 26403717 109073630 87006231 525304 82531548 131482089 37130642 91679481 138812540 30068325 304478262 50679498 52826067 175907874 163115102 30913729 153506225 86030890 14354011 211991783 84517776 312950366 10651469 58694447 11909961 143681377 124730555 4851042 10486447 37292664 15494163 41866856 160678947 51647069 48230197
25307057 118902555 1494278 35733395 55568464 12745232 20589325 140078891 103058441 146280687 96537563 12963051 52820306 55783751 89770486 104747425 246130893 44193503 500026654 117433863 233881102 112664305 2316397 27573323 118813739 2041915 3651271 15131834 27767680 15968279 131192657 23596959 60857595 89659124 33823355 26295976 531394 12642616 91444066 24506221 26639431 20255823 137507802 10994249 58488048 60132306 35594242 45119693 46674701 95187626 195126275 69986434 31534853 9012649 194171710 56647704 155926310 65187339 129553852 25135066 5917412 122914280 18481698 18422277 203257894 166185838 56729395 55145398 16285441 47170622 90956381 30965330 44573994 32719423 99847031 61560173 99178107 57001644 1889812 2564538 62638233 141040702 25516693 46468038 246239835 3019997 350658583 104083857 320602771 189969156 10505059 183923086 163225662 26403717 361527823 113218494 525304 82531548 241315203 182574602 83599541 132820310 127817669 231917831 46775962 115105956 100207325 79227272 105847073 280972808 87345587 62543456 42924387 21553205 85050080 31766385 27163352 3687058 228862537 71015624 116331093 456527063 113878028 185909872 28117407 222156632 93320903 7195138
25307057 231972810 13184479 81152968 61650166 12745232 42820937 75686526 56920750 63433455 2040161 259043878 52820306 60243568 157218086 119665968 137422536 14928827 58431295 117433863 258845928 112664305 23128378 140934000 43357195 103288003 3651271 38230921 23909840 46729682 131192657 73081062 54332702 2265517 33823355 143429323 28521689 12543763 103745031 41776538 88399414 22998340 318750 10994249 58488048 123834678 1295398 100859830 79945968 29941366 50762164 61936057 31534853 126725316 77475343 7570115 175475441 65187339 55562304 25135066 16212043 142822332 79527872 16526123 65512194 47689911 78665122 189344520 1159000 14029173 55017059 86668600 118463117 132853986 22236584 61560173 54614910 32279652 46942287 144787801 80967414 231561762 1530477 39338251 111736921 20754028 73036453 122026186 96416604 31631278 10505059 47909979 52130229 33061070 91986736 169655698 525304 3406297 93765590 32585371 26128484 42706433 88946571 59212733 63355576 115105956 70763181 128093042 45291312 149729746 139649599 14354011 148407520 122082491 466550806 92713001 76474386 10140183 33168778 57614512 116331093 94610954 69590956 112841428 333147 74209826 128134414 85072293
25307057 231972810 1494278 37359178 152461061 12745232 101909925 35139031 91896765 53515098 24464597 28557654 30437969 60243568 45618663 34132225 73772060 14928827 4583727 49656573 253705940 15212389 51086029 2215595 9685356 107719224 3651271 74111278 11561805 43630537 11330906 5364780 60857595 89659124 15409887 5837006 97195457 12543763 86742238 96923548 75480520 58919227 170350776 10994249 172982169 25950560 13243896 117398122 191335369 60884240 43916959 69986434 31534853 163387003 150686984 56647704 210888602 44862946 109522322 7727822 42971228 76023865 18481698 18422277 34778218 53675405 65616693 1726340 34358052 7336867 161857124 51602334 44573994 1137316 110942571 215525575 275393822 57001644 46942287 19042281 62638233 79139868 1530477 73190998 48308763 27963670 5401967 104083857 222637406 66798214 10505059 126483242 52130229 26403717 81992276 79598571 525304 226903243 257764422 74512465 106018825 4281299 78720168 113651787 4855400 30722801 152276919 92305755 105847073 214479524 17159682 14354011 21140199 9458629 45573112 66675401 27163352 191384492 87323428 5691197 116331093 35847596 186851813 38438888 41866856 51754264 57739928 7195138
